793200993315921920
707727504040189952
841220980445962242
840657177564061699
134840324
803637754881974277
755932361678651398
745171834820165633
344137736
10918572
2703474698
463331339
4806746124
773485759307276290
4031938574
602775567
4305207312
166592376
37077011
245137428
3110248469
3306487830
836265089493786628
826049836625453056
3239632923
938024988
132046877
1240596510
16154629
15081506
768853601087127553
778719740122370054
17129511
4880039943
2463809580
750170076486115328
325255216
26435633
3041181746
1142349877
2767822903
154558520
1955568308
214147131
4104241212
501448768
758852166576504834
331104323
2755534916
718912529972477953
135094342
129359943
156827660
50315338
1108754508
4649533517
522836254
754495650188914688
454500366
69386327
203735128
750255033250353152
42754145
1471725666
75030627
247103598
24130920
1886822419
4666032246
2207865535
3806396543
185131137
20955266
541230443
2706513942
775224190659989504
40476817
958570645
1333559450
325501083
838639979278499840
75243680
156467227
777180641943097345
244209009
30752796
808402616229232640
511740616
47751349
15524023
77668537
16498875
4861640893
473325759
1260339392
345645249
1393574083
143859912
51896521
604504267
3702849741
185811154
3229884629
13787352
195920089
373938895
3013828828
881254621
7495902
824628454016421891
250249442
101294308
84639974
624599273
50835495
543015151
819537637811822592
22855922
3051577591
305004792
728605757558689793
4842004732
43090173
263627006
164544767
70803713
768439894049824768
235168010
738910476
2309480718
820205622297694210
139092240
3012927761
3177603349
23036183
40755481
42361118
30114081
223822114
332718371
780351912612732929
3256443174
120512561
4825506088
1715683626
255058220
69091629
631308593
54903095
3320979775
788914500
838495047079374848
760831583200870400
3265754508
3291955530
737183485018943488
2988835149
1305729182
776785924181164033
20537685
85860694
551444823
1974565604
415949148
2261926237
1744195165
3142574431
14328161
4893573474
595517499
323150182
321519979
564147602
1295212914
30045587
37628724
793015469271715840
1007108474
782032963496058884
2376597889
1975640450
25960836
722286010264989696
3050824074
209486224
518153624
253813139
526721434
837029979858866176
2325070239
2773868960
800950231747567616
757168783655972865
191914406
2865488295
2653102508
4872135085
1335083438
2878620082
615383475
3242878366
590651831
433063327
3166798269
142344640
783748954668138496
825293405307666432
184582605
859029968
3515236817
781634456683704320
744199373047861248
3290931673
2749293018
34406875
810883809386303488
142531322
1412563422
46411779
2552845734
352174567
118882793
828768345457512448
288080363
2975048172
600158290
346808815
2598126067
472777204
134390262
2882707965
714782998940364804
762375386684686336
3283616258
796934206379016192
818722482601476100
828359179
1908785676
737094179470221312
3695854095
314434068
805077683042480128
464159257
407585306
306930203
38126110
458771206
175989289
203825708
26362413
140362289
1388495413
322658873
345891391
2860843588
212992581
838371743676968960
802515911680741377
2886672970
449028683
519004749
601915989
3225969238
30884439
2817491546
2150711899
161071708
2318082656
3031286369
272228962
18244198
809389006597201920
41591401
770298640539668480
79599869
40747638
775314137861726208
1704444536
779159179726508032
1219117698
811624620767858688
806117760984088576
2730457879
2276590225
717054613
2393497494
22812457
472064670
3301272433
2817467040
18262811
700514478144638977
4795318949
1482449575
65749674
39346859
26012445
446628528
307262920
79282869
235774651
155968188
133350077
32432831
2951815876
311059141
996844231
1423647433
182969034
2792743627
3011707596
170828495
15983313
1060004562
2340635347
108036820
427914702
2216362710
373416663
7455452
2922996445
774680399767228417
9880292
728014145979883520
2331697897
2497168106
394035950
621998206
962388726
15573751
3042018041
14181114
773228066642558976
76735234
20898564
374579973
747899429831598080
1304781577
1702134540
46301967
18260756
2257961759
705883804540362753
753966845171040258
800010956851978240
4036346673
1232675634
376283958
573866808
56509241
94331707
546382652
331383613
428450626
330302277
17376071
3270132552
495780682
81691469
872720370
54641489
1866408786
3071108579
23814999
1053164376
1878082394
743561964278910976
288777053
2379604830
561543301
2360173410
540566371
950993766
565289832
372458347
3425559405
16229233
610050930
1194902388
211436406
770664784287010816
879272826
710162670243225601
45260949
745875873941827584
73581445
824605748856385536
49462320
3312452488
2189017993
936420242
81699733
812639126
51684249
589046682
218694557
1433363358
197501858
612696995
58639268
4129701
42959782
62735272
2220971
14836655
18002078
269689783
1882014648
41632697
831877636687159296
470549437
3323282367
245907616
806956048112156672
3884131272
522711961
2945647566
705472549845647360
20366290
2792809428
598991835
2333598684
125322205
2799813600
3100255201
104342504
28124137
2830050282
4420912109
94897134
3038872559
1886815219
41862133
1220715510
480338935
345973752
2516132858
124085246
3120125758
745528124935274496
30901256
1019823114
1852457995
16676048
296584207
824311604518985729
85246994
1977140251
2589033500
41378853
748453995887267840
818820018288951296
283534381
782106183322722304
300000305
1892222006
825462572912500736
94069816
863077436
757558621614051328
272237636
1641063493
835245422897659904
1339892809
1333011534
25314386
704361202567278592
4321133652
30139477
824168725234536449
456016993
2374001762
115934308
745718886
14689391
48612464
2803354472
1487766642
428737651
761947260
303217514
403719294
18400789
1309582464
16516225
825382905522196480
1375200391
3979805833
1348175383
980362381
3550323855
82928786
14181526
732623231736291328
823567519
1925112992
290456737
2232255650
3849454756
1599530150
118342823
3185215004
85361836
142984368
2919095155
509249054
19670199
2664957121
2331165890
69667702
54052039
18826440
266069195
21365964
839059758980030465
2535892176
550077651
2710541450
58647767
203810008
2556118564
85107931
203236572
322243450
703847629143183363
83864443
431089190
49972456
2897790185
779287695054950400
790060752778375168
255948878
294790381
490849518
190006515
1582458104
782157049
1963025658
2837568383
336094461
831203067177558016
309076181
3029302144
800214954640973824
2598622764
424043786
3713508623
14525712
742989373818437632
143435027
2940183829
70419736
2847086127
99353885
714558520801099776
269452580
629189510
16262439
4002373852
783525758933368832
508896556
3090449714
22824243
119825729
1426554686
2807964997
3108898122
1611216439
539379020
775049041877032961
167642447
351978832
839122940922851328
2412456846
2859050328
26387801
29164890
1144350044
2871231838
2179990879
22750560
617428539
1027695972
94537062
725960040
63292777
2717836651
598730092
466022632
633357684
1971332671
4451206527
751666696222453760
1542243720
32785801
2267899282
66110869
3295765912
832715278211391493
2563820442
43337118
783246751
2813724066
798270883
809656945405636609
20841895
326870441
4717766062
407922248
2238801331
92563017
2683848120
620594618
21480891
743085196518383616
2276607422
25306560
3384296897
2743403973
537331145
338822602
4350870989
61867470
14476751
85689808
2909544696
4625090003
2726987221
1114427641
1103955416
523765212
3483452894
26535391
214869474
735227486091501570
28173797
4011484648
15296330
122136045
803081052042514432
3403916786
834105958989230080
2523850231
70723064
32572922
596902143
161588737
2398021123
4121224708
837350336893337600
32581129
186500624
2279687701
96495126
2391500311
14501400
17101060
100211631
1021216284
837297630044688384
20117490
3057731106
835126577847386113
2967564550
22480422
930244136
500123177
17851946
2987648555
2734360110
1158366769
90695220
1875109429
243803705
111380027
1398965822
32974399
21800514
778374053216280576
2795112008
776487180
777610826
36324939
1397538000
793372237
480921166
3344606799
2843256400
22562385
402957663
15310921
3285030500
2543502938
4694730338
966174308
4150011493
252569191
1261258345
16997406
3892577903
24266352
15058545
15812211
283117179
2284316287
315041410
148473475
3384641157
2800608903
3219252872
16352907
581027471
426359747
256755349
797894194182451200
2888140440
575661721
862062234
2699822748
378152605
820908546636312576
2749228706
3074369187
529468742
2875877034
102270639
349338716
313221406
3997333108
2595571386
800721787323445248
480282301
2873894592
1971029700
2244837604
2512021190
4901811831
475571919
35161808
576857811
708061972713988096
3247392469
1717577430
2870710564
4633282266
82873296
65742563
35268324
75130599
742884480608817153
834452268154048512
266495727
551585520
122218227
209577719
2285315834
39847677
563455743
436356867
835309682067562496
870000391
1546069771
20522767
2550120451
953616150
370337559
375637785
1090665132
254397402
1664059166
820920961612427264
722985065039323137
232141499
19482408
15455879
22603567
1393297200
80258865
819782240619986945
1411753783
262489912
778787968035221504
32401213
3212756799
3288937247
771063565734117376
2783782729
14182218
4213327693
725857148991729665
261711699
4012562062
4433214436
107173519
734562974619275264
4854884194
22652774
824412520677015552
824722542795640832
802002962696454144
1052608375
17106808
2797134143
190670724
1566512790
836967198291718144
3150129032
441214858
171755405
2824980373
2327971734
3282675608
2216732570
212445084
173631389
267863967
4142450593
2901690274
720873894618337280
4900603814
71452589
14542767
920225713
14433267
773576258366107649
4731209658
315541435
216713148
1245382590
285232117
2982119363
759069764203315200
446778358
277030854
14497441
838478252998000640
3218991050
1849133005
3150736376
814259903539789824
35997657
399812571
120622074
465651680
3225946081
2250565602
3047393252
300771305
833245363851055104
532621294
182372335
1016244210
30623732
15326206
4593354743
2304607914
43239422
4766689281
846850050
3375089669
712740693081391104
449038343
813622088212873216
70526986
822600141622415361
538482349
187344913
19843091
1975998792
838842929892507648
387409951
806652540435697664
708528853086437377
708053778025594881
707681325688311808
4844111913
2455021615
20932656
15566901
29804600
4320666673
1143322986
14272574
574654527
2974697536
790945105184030720
799851462176161792
270485576
122007906
1498572878
85813327
33138769
47097938
474318931
3622752135
5659662
838546438694952960
2570250329
15935580
4830578784
767469904039596033
482591078
253690929
22359057
823961651930103808
145754218
3697420396
247949421
406227054
1537304688
1100613746
4118915187
911706234
49075903
96348284
1414596733
25746453
834903175945732097
804422039964553216
4643465352
48343177
54516759
36300941
486248005
2288519318
72943772
349112483
801562628317319169
336750759
917743788
145039730
2092061
491071664
21427912
486361268
27273397
291891382
740721529114202113
2954029242
1442935033
24381632
2397752352
819458924025810946
1088935627
820281404038578176
41881570
2277976266
3692710092
249710800
751020252247519232
711248297051217920
95160538
777992630722498560
774546426
1425205471
1228597472
164006116
18057450
376596715
207800559
34875633
130885874
23873785
39258364
3000912125
743277463652864004
1173711104
2321708779
813401717245026304
494700808
937855242
3228508546
553756943
59336977
2800535826
31194158
17426710
838586241524383746
2622007002
231696673
776025800470503425
298641701
2806434087
546212136
781227561695281152
11036972
707537199
2197793073
3279169842
2876156214
2360
15722810
570870075
745805841568129024
17269130
25430337
1238485314
707736867668492288
2277001544
15804746
799761691986653184
20097362
3663079764
2346592601
24029533
69208422
15870312
759304640349503488
830564071
14936428
390490484
1049086326
309168509
105326977
1973594498
4852197763
768941989840629760
2946156935
3631376776
3256284108
197609869
3380357519
117189009
1008314773
2591615382
1896597912
43682201
4613162735
817133760017797120
936224496
780541142135812097
256616875
699043698688991232
3922561455
2576599472
2792460264
96561590
2212563384
4925881
29600188
203000253
808622309649055744
835911244783706112
773114306
144107971
3615754692
2795342280
755334087683018753
2420730319
2926750160
3098929622
1544047063
501295577
40716763
765654020509708288
825616861
228780516
335387729
30484974
527156989
826753386947104768
58370548
73026037
542050806
385354234
135378536
1325451776
798962062277820416
165387035
206604812
794650761929990144
3899066894
915900948
49924630
2615495191
837273038601207808
104876569
219105818
3887852060
1102342687
3177171489
568732196
811665158
16017961
161516081
41863730
1318341175
56879674
725702537156939777
369584701
434500021
356377405
2836499011
3981322820
2150421344
359020612
11520592
496519762
838847684891017217
49162839
149359194
837259771208171520
4876364381
17885796
170216039
537578088
109177449
251751019
376253040
317582440
819998843274219520
453790324
3617663605
2309548664
752256689806544896
112200314
424262762
3519964700
571935359
2684273088
775065719247556608
788040283954958337
32489306
2958871183
3233598099
2882513556
187402904
3342123460
2836826779
3026610844
3289524894
380791456
1026796656
2668669602
780915069299281921
802182016007622660
752006156353150976
4774603435
1239558828
705853696836444160
3179562782
112913079
2377779899
828720893496942592
3536292982
839028607322370048
17918663
72223432
207774157
2371480272
51869475
969132756
221948631
626333476
2900732634
365931229
827816074519334915
1188686562
2383882980
2739088102
838938235443240961
179849961
798564818810785792
2884676337
178039542
55659255
57469695
764654149367717888
18270981
793431090413264896
1291676424
816990369451823105
1137691405
20294414
480668433
2192010002
104978222
66636567
714166812984885248
14510875
44362525
807730673104654336
58026784
16337697
1007815459
752356563147382785
1885727528
213691182
15600431
3230575412
1465084728
455191355
3392031549
2862877502
3187425086
23579460
3148385094
295586633
2707483466
376408908
15895373
104073992
3343973337
245410644
3501820757
1663314774
1137388376
3299519321
783873340457021440
316836701
758851420145672195
421849957
97545062
3017018216
803100048758308864
2334452586
2472373100
93260653
3234343790
2695891825
2420837234
2958584692
16984949
790571894
722452969
475057018
982190971
609844373
409463680
71303659
829952844795047936
49646471
634790114
742259804245262336
342772619
1449708428
524446606
790849337886707712
1897483153
188903918
304532375
3317394329
843754394
1699878186
103426977
21384098
3073473691
45820838
1458170791
48196521
369724330
22326187
365833135
34036811
4059810740
1891388342
25532843
2305969081
748146487767359488
16976829
17435582
3315542975
3406851010
830893794367148032
2468711371
47193250
77663184
18074577
828059359892611074
846408660
101592021
19270616
824121352168886272
3509865434
29964111
718485868256825344
266161118
104131553
159411173
322128871
2978614251
2618898314
4880400893
831565575168126977
42232821
1257942006
2934082552
233442298
22277115
15397584
481676285
33090731
3297922053
169110535
41004041
2764590090
768087895
319255760
3063729165
4568140817
620260371
135433237
14298134
422620184
5476212
4872424475
2775927837
731311134
2694728736
1359591259
812630949691150336
1199549484
419327021
776258971078385665
55733296
19958836
321014839
719432760
342961216
2353837920
815322382885715968
2758896709
2985028681
3025628236
34154338
21351506
3307015251
1446923348
512535637
812093560325488640
147295417
734217001111949313
4784833039
1223560284
279481441
1939024999
1967041640
3012463721
719400591445909504
2539908208
713971560
20900981
14879862
786600265877118976
33996173
385158265
448719995
210206042
1086590077
869158015
3336023169
332426375
820031877511839744
709946508
1465060494
3629812879
284912784
30215315
3384675477
3178441878
4894958105
604834969
4817704815
431279260
3240235546
803984113686482944
62377119
172731552
114560163
732908708
306318501
410780574
1350462631
3317836970
782159745314467840
846228655
10054832
24259762
3425078453
320105655
450112697
3023596730
636931259
26077026
2325449918
2798739198
74214594
3316206787
119483588
1147115382
2955857094
180202695
3103636684
20655306
1970539729
41923107
1118375124
433777879
1646629412
126643421
320924894
2539810015
53390560
94735585
18360187
258411749
750041409428783104
787924664848908288
25382122
43478251
3519057135
443608308
776161499576492032
66317561
559377658
764296656997146624
1199328512
1120655232
3009793282
3188709361
919883012
117271814
15707400
3227742764
734218657098825728
303836428
794205757977698304
395480335
718499089
4724755730
472132887
743967777787101184
2193886489
2740965935
4735208732
59227354
122957087
2429611296
1830800676
252299142
66710825
836247201282142208
1914326317
808768423253528577
85486899
34426166
1098870072
4274982202
64433469
3535127067
333532384
561089859
3275279684
293884470
837296300869758976
41815371
4420111693
2974772560
448654673
618581332
7937812
1883341369
769371482
2279920304
732007214622244864
815246688
726322506370572288
15699298
2321984869
2182991208
2319610428
834209866046590976
30567787
178613616
4575104369
227978611
1091128692
165432697
786689412
843094061850406912
1726541196
3099585933
463490449
1109708179
255143318
37113239
49925528
249908463
140905884
2970265498
547171744
3180047779
842241984781725697
3259297195
2200677806
30510515
3301948737
14454203
1177103804
2995290698
838728656109318145
1601203650
430247366
352429985
16969163
49761741
439161421
4803975075
90516949
66538968
1877620644
3171192282
31444444
826464283882094592
3057634784
13184482
3879939561
1269829099
1286082031
720569136284311552
2432437746
1277636084
840679098766655489
272379382
2604208724
3247549953
2397646338
218091012
1096068614
2627537334
3125333512
123842061
32173584
945223598
837262310880198656
335523353
59682333
2355154464
806147239664058372
2508475938
2899365411
2955152933
27528743
718119567294222336
3289853487
112913968
2564255282
2346774067
773006517905727488
2882022965
3338202377
76033592
36073017
11021882
305650954
262082115
1546333765
830406570500464640
755347137706196992
3298258509
230559313
2708762197
1270959703
2869743193
19525211
16166492
3131623354
14518203
14323300
38670950
385494289
2360372840
962484156
299674898
781293976066334720
25764159
341266034
3692678772
789484898637770752
2549165688
733556672010948608
275412927
2441989758
366276223
592031360
23121537
51351171
21098119
763642
2153721487
4706324113
872926868
3733589654
79203992
3540651673
4473482907
75878058
2268122796
318639294
34426544
32878258
26955443
4456473494
120696504
3044880057
293195450
22375711
2939328597
2517683903
17001760
111808194
3131059907
767624973238140928
746077390724562945
717362879259869184
3232435914
128974114
478965454
411520719
2899665528
25558831
26418467
723653191481466881
105148135
2233585387
377450220
277466861
228298483
368094964
296070902
3023417080
1268526841
825048421891403776
455249662
2741775659
1545424644
3004059400
598601483
322885354
1605693206
41242392
2377830169
2278592283
1418871032
81886206
16912160
733739984256139265
21262114
246566691
808594562390392832
3362869038
805571062960242688
2378665052
4745654065
272158515
246624054
3072773947
259968831
3449835328
126035936
751885664283602944
202583875
784732117221507072
2166124357
65367879
3023818571
2806149773
301838161
21352278
47697756
4291784541
1613066078
762834786
773102673583337473
430411623
563203946
803225366345220096
2612186990
77885295
861572976
2782818162
332296052
776384916875571200
1976643450
3591868283
453054333
3008324245
1976577920
324063894
14430086
2216430913
444805004
31993742
2877190033
1040306066
17878339
228020119
51023770
2701365148
862504152
908865439
752158308023369728
1969712454
199358449
821817925824905216
989710322
4623282094
838779720560951296
2726375347
2351148985
3635425212
555347901
827739137302097921
527155872
2214916035
2304847814
1969795015
830950728025899008
315135991
392425423
85831636
2972291033
779144858032279552
792887332017938433
2907156447
219877344
1973030881
39399394
823984552624328704
44003303
20058088
121114601
709108992744759297
2476270735
793550538185052160
3000274927
797354734596321280
2646805844
2307730960
2464976891
2883514364
405573630
832912340454690816
841689610006614017
710829001049124866
759841608762134531
765441065075691524
833776057866211333
715727365935071232
827311323373506567
519860235
744292254508974080
797826952711335937
356446227
751966857259737088
2214694938
129830941
379760672
237154337
74321955
3327922212
15747078
61304871
1043099688
20115499
26710064
62787635
255791158
19339873
711044488752279552
3297520991
247982090
38539327
247738434
798643572421574657
758361230344060928
2725589065
1364955211
82677836
48216077
276688978
2813972564
261406033
225398875
327487581
631459937
837337114631147520
1942150502
67252327
93630568
361146387
3027882101
39981175
32329848
741007566231113729
3285635196
1084264573
759228528449683460
2228263694
273354091
701668639490052096
18747527
1299779720
153677974
822118990109544448
4034760860
27177118
258396324
766431397
1942073510
95539372
823660147616587776
717453746066722816
2579345587
142659771
1375752906
53473471
151965888
3058806978
37146820
23913895
93950151
36475081
818995316661727232
825236407664783361
279834830
125767889
2882433234
767701252457263104
49969977
3357806806
30060762
385200847
759101276462387200
4577521889
21278946
2563813603
237088996
268752934
14799078
770542068925988865
580851236
19443952
18993395
29995254
2430865657
15651068
731211533326356484
96661764
801097509657518080
619352327
2288496904
806845838727249920
2762879243
462262541
295131181
216486160
76411154
1487982870
1374267439
815042844
195285277
84332830
313757983
718239356083904513
3025644934
129208614
278147367
814437609740980224
783261735583186944
75591980
418476335
822212549114494977
4919939379
319082804
2857447733
256209211
712877647118864385
53956929
1951797570
4538159427
594874694
750461094620168192
741595312096194560
556577100
776187277
1399624016
1654083924
17068373
571527511
3059183960
14602589
235172191
48828770
577057123
7336292
571821457
2495566567
531648876
2194870638
1459114351
3063427441
1470746996
3185436734
306999671
78705018
100102523
727209643177549828
533732757
3225473411
124744068
833696488739975168
1398583687
559681931
2815637570
474157454
46829969
4271395218
1928338506
1649320686
14134376
202797466
123040155
30060956
2883907999
84816288
216912289
747986792289284097
1594839464
1567494570
282203580
2405049144
919523760
460059057
18174386
728204635815563264
770331061
616280503
443584952
32608699
1553289660
515592637
162886078
469086244
19870144
3379843522
21680580
19640773
2319957409
193753545
143045068
42181426
802279163847708672
146452949
15826448
247550423
824487261215477761
775434765419761665
902705629
3194761695
584872419
2256679399
235229674
440496622
755262620618358784
745477322862530560
128307701
256487927
935784954
107824263
464736766
816695265990246400
55020971
32567813
804193891104735232
839188342071771140
377213448
201802498
550367759
405746193
917073326
3205517847
21877272
1936609818
321491485
259232291
797309275655782401
508842758
2463920684
600789551
49115696
2818945585
266670642
82350646
2249888311
52580920
404689468
4697649930
2600505918
117535296
4802394208
794219895986733058
3783357195
2247488071
725787181084594177
4108120653
1611510350
798653845781901312
24528760
20451207
1324962392
24744541
335884897
337747387
9228902
777794322880077824
2989551036
778068614209376256
814187427002798080
2902651503
1686909552
242987635
1357156980
833266879020032000
615611870
263516796
217122922
799658659345219588
16372355
1728287365
765883014
9376392
26609772
2482074251
1722978956
553611917
459655277
257667729
108565138
22764995
809381626581057537
30757526
751118562404798464
2840695456
25719459
2293568167
264327849
22351303
138064558
169997085
96883376
69915315
154972852
355619511
15774392
2382680761
119550651
1973523134
482284226
960230083
120206023
114111176
139612874
482677455
3114980048
1412264659
36115157
837315669721026564
144577240
780216047328694272
169054944
145298146
1008997094
744974031624019968
788027859004719104
21549802
164131563
206238446
2986641533
20656881
895922936
725586448221507584
729043779907297281
757689632351936512
478786305
842355425345429504
32502538
2337764107
7385872
885838609
521409302
30356247
493581085
770515379626119168
111457055
3064894241
1952387875
836266969590554625
2471368838
46142246
785511711663161344
289354540
635839282
703780279568113664
230419782
549304456
1858346462
11891512
543404857
3000906557
2825990978
2331005767
708208677136760832
3331003209
1941664586
3536999246
840260106323279872
3326899000
785193106190761984
17470295
188133903
3061412697
231011162
717658971016925184
2391735781
791864385425793027
330019681
3194639204
271274856
18821994
45833703
2646618989
129545070
3099808623
297538416
730037015257952257
176469807
1694626676
19977079
4805325689
4005540733
788890659847561220
505951105
141955973
210457478
325481351
202568587
1442276162
61928338
3224310679
19207065
952406940
4638872477
2161341342
123528005
1240372128
298791841
484578210
751127585967468545
3864064936
2905101225
18027434
56112044
68521458
3230528436
3765572533
73946038
491713463
2379518905
3066057658
111436464
3966374844
1217647434
1050596286
784873541825093632
118880416
783830916154159106
186397639
354554824
792084468479692800
263918540
2777127074
705246103990616064
2305520592
2904699857
240915410
111795239
2719962073
352179162
3021386715
822539277183700993
103953120
537867231
3032093667
205935589
699620886815600640
17232872
1576711146
613012459
3704517612
16129800
139277295
136328176
4857099250
723850230
611472375
30069754
793963725212499969
28382205
753730789930594308
2764903426
39138307
810491659045732352
129831944
810661172286521344
564773719
2708313103
18514776
174199827
45224980
898799929
514100740
316937242
822944364284510209
2464920614
751128134079111168
2153894954
14186674
106107950
2389750831
160157192
14914613
729129890713198592
4156838969
2527614012
21795901
1893028928
149017440
817918170266763266
27948100
4339618886
126776391
99537992
270062670
625570895
569242704
46543953
2329498706
128062547
1970648154
44196397
952480862
142685279
605842960
36942949
443888751
25400168
823312601903939584
98350200
509703290
518091900
45855594
766053587940179972
591017088
283595905
85480579
330249349
747173635534786560
3691623560
97957002
839897845083820036
790780883401777152
817554540002152448
3188454543
123360402
17274004
423834478
18966724
3794670447
824702791935492101
156316832
727572192972673025
3035140779
2368795815
2626868392
2493306025
2913451
6165362
329831600
2682320050
1097102515
336508085
398562486
724746606428446720
242705268
740877116913246208
178214997
3751161376
3069760706
364917959
786519843604459520
2456153634
2069711
580580560
4760843473
2197337298
2308371668
575004176
3091068120
814535329000591360
234464390
840669349534928899
4594889953
299308263
803128083012354048
834973994075901952
839787425664675840
3238335728
66925809
747181253242290176
2191791348
10433782
149378295
29775101
424711422
132093183
2687907072
169858305
105272579
711151400361828352
2599785345
516642056
1955304714
455505163
276559121
272825487
2302080276
375493915
217893082
234525982
2401252639
2724615456
4357983792
489354531
841029375415984129
2789565318
848098602
806684340302348288
236982557
2826466607
793739514875215873
274673203
137121332
2879154399
833037507381977088
2855532768
19043650
1673729599
560580804
19658053
3365448561
479827273
41791031
830606685643366401
48264526
4387442232
31610197
740505445576679424
1858778456
126089444
2603971933
798123661697892352
56890719
3975574880
1090352485
140120924
4302927209
108074347
578753902
3178309514
41375089
837263917072134145
134700606
14612713
2673767804
18821904
765611013555171329
3972863362
459732357
720530092254998528
552121736
2615285130
372667787
756957201210740737
247879056
397964690
194063939
59225494
3063915417
822093179956641792
279737753
1930941852
4805244317
55612830
834888664199069696
1538430374
545478058
62338476
528671645
749030813375737857
512669105
46707917
798837140423442433
740542236279050240
182408632
2433840570
811228532844199938
251289150
205763488
629055051
47896005
2810443206
801666504
38868425
28390859
15037900
368375246
789209839905959936
2272851414
194287064
19402661
1525413343
585016230
458307047
36853231
799284394628358144
1337365416
178451956
741428199452770305
169375490
2723673599
794583589157408768
729383187407880192
51484172
295925261
85169678
286135826
4775769619
771537900164952066
327617721
145749531
4823897631
768392096290045952
185595428
2458375717
31215196
1415419436
875574830
257029679
299128368
33756722
2331033182
16913974
18421303
599283256
285709236
146552379
4877860900
827288995633717248
35806816
265729602
1141077571
8205892
442276108
2522903095
3461305932
694945749805563904
34035281
565909077
996447162
194557535
4662417541
14915169
385111652
328380972
364033642
6649452
756788416986116096
575256175
585012849
454669938
493835892
1899116149
2434618998
2713114231
789888489068212225
2696861311
12015232
637015681
2740660502
842325957612589056
381777543
1312503434
2356729483
2564404877
435517070
1387976335
104404625
2810050196
2934478486
122844823
393975448
2853335339
261708058
36312734
3312293290
104584865
549336739
841497075393155073
4922873510
2362767015
811095720
1659131562
4417533613
4847281
373438132
506943774
17036982
838535439627792384
813338413210300416
717104374162415616
42342077
2836960959
840321639535529986
487552712
1970976457
109057738
110868171
1153504974
628433
254719698
405386963
1638930132
29775575
78706395
6723292
158070493
519362271
3104274146
782053859413913601
2272859876
2505471721
527857386
45254951
3416921837
811444195558834176
33625840
121299471
40326899
794024423724609536
3769697236
219199228
1934702336
516931797
4262336260
129347867
711058562550784000
26216748
141055758
3515062034
4040496089
799936571021541376
19035933
3692797573
4794578723
3243980580
1650915109
53983017
61740842
843108648528347136
146978606
18310109
775012589277282304
780572479144157184
314849076
1661193865
842353006251266054
842363873613213696
3077961533
25843518
227874624
716336881106083842
2733995846
2497173319
456114937
24966990
32495439
27645777
149706579
340875095
752122638936395777
132796047
4690466653
798061429387567105
724218012916658178
2323634018
3831651
1222391654
103092230
495925096
288618347
802083892878458880
4847548272
393811829
433985398
294516600
2653190012
1082865536
2864781185
81811333
701874524011294720
18229569
836652707762995200
256309129
2701023114
34387851
53786509
286250899
235337625
297386991
267392927
106368198
969782256
1977112482
769134278714068992
777345584961351681
28112807
2548881320
44021674
769358539844268032
18069422
20449608
30768798
74332086
4329396154
24344507
831159569057341440
265508799
748966285124378624
334698433
834804240673599490
1359845707
3528103876
3177571318
489461706
1070310391
1937700812
69375949
500758479
837271371742867457
19090342
3236778916
2419234781
3661281253
123803985
3254843369
3196360683
321319933
822644009877250048
154613745
344233970
228825427
1072248823
706327875306164224
2506809002
726112254
395524097
517199874
36880043
811293901885734912
68508443
3183652524
2229745674
745534242973589504
931641362
2324412438
221272088
465956527
2394353328
2775848995
834172920146624513
3158537222
366762022
1850202151
102411954
399931447
792903698611441665
786474228258332672
736342007916986370
3630536772
65681478
710058049294172160
3776176889
129366094
2485000271
2315896393
3620534355
63349037
29727076
152549466
994505743
831982496073949184
828743601341530115
242964579
4050467174
1098782822
793094530367127552
2443786346
344062311
1010006124
186972269
780541587268866048
764506130194141184
38279291
3045054826
8493182
938367103
2783729792
754696390345973760
11704452
30537861
810932230868635648
515078279
728052269518749696
774445737635610629
14358671
2754910352
489987418
62429336
1025412804
4484921500
3817830557
449448817
1108105376
1681897634
37230755
724930584930357249
73737244
1977415850
21567660
2292611247
38858440
69032114
431151283
841769517361455104
1548263113
783461498488229889
294295740
148658368
279533762
425187523
611932357
471267527
20560075
161167564
1115642065
14424275
2854377685
724453657920593920
76994776
1912181796
47298781
273325840
1324398816
860674273
13531362
2801146083
56858852
815966321217327105
2652835537
169679081
821131500
42175663
33896686
35551478
129333497
196458749
780252197003137028
925112575
2308299008
24426754
32323843
1553332484
706775604415242240
713141474565758976
5749002
796965205238566912
3298498828
813156341346770944
1016011026
898634798
16816408
553687321
396966170
192035099
3314809116
1931671837
783041834599780352
45832480
75413793
837565045068398592
2436241700
167655718
702990664829681665
1657821480
33677021
4177082674
3348740404
496433465
3529988418
819308993919057920
15481158
15171297
42817864
4381001
377174346
4043503947
2200074576
481687889
1621383506
2467232083
44610224
105584981
753274910886072320
40728921
835782924188467200
1860974942
192969056
802871696
93706595
20429156
28745446
3299350886
793465852670664712
187906409
18684266
718307748849573889
317954414
3141400944
107960690
4255857011
81844605
837386543945953280
1951235820
1286912394
91838859
787007282185965569
300095885
4509250457
16382360
831947065164918784
2332753646
711617560123342848
716931982161219584
100637085
708219359798431744
840117644103626753
17512866
702739526
824974188364587008
381163943
489888168
310188457
836548228048904192
106895787
41122221
106994096
201005491
19192245
829577658
44874172
826923738650144769
796742622530404352
745610704007356416
731027906
763761339667841024
1925832438
293165512
27089355
1911388621
3211786707
106658261
3347610071
54270424
126986660
1517189581
727430180
839862629850099715
3188537825
2730973666
108070653
279697896
465648106
3459676583
833035325010124800
2491520082
2179946990
385931759
336910760
2291136415
27703795
592940798
2587122166
2413361659
3225844220
106306045
237533694
51698176
43579905
122018306
228845995
30996996
837637334216687616
104258056
838063782806986752
16062990
45824527
594475539
3245685272
478337561
467173837
4659862043
1564187167
15718944
3022879265
95394339
2756000292
2792225317
34961958
100650272
4628797992
532511274
759879040685703168
3308450909
1968902431
375529224
709344283573297152
18856502
34609720
306666042
2910845500
76970560
838574554293420034
63052355
2973952438
380804892
748462697788870657
730514628363476993
245930573
831089088002420736
820134319180120065
21174149
43326045
25728101
3003644513
3078928994
1499396708
723884646
183269991
183999080
286271932
130538090
30800492
92654013
724628058590814208
4341701235
2962913416
45783670
3069722388
318413247
225458812
832086089808490496
831084992
797592161005031424
824485459392811009
840377161601187840
1006922178
185368344
3277724306
1010522774
241572503
838408001161674752
702276656757661699
712060416768106496
763467977505312773
136092320
780353487192240128
840387632559509505
827474184955633664
2808904361
361413292
839806649242116097
464632500
227106677
710899466367320064
3047570107
2251831996
160869333
4352268991
1724160704
814321440
780482179935502336
1154841289
4664253135
1262615252
25664213
524454626
838089740985364480
29897850
4190870238
3289262544
4033803087
137018083
25189092
145865447
847018728
54901482
2828974830
1170723331
245979889
488209140
760807952802574336
221854455
40442617
2795312898
37919483
943627004
1645656829
66894590
573643520
15825666
17768235
346028805
758667081562939392
1286707975
826505661664153601
1590115357
1144068876
384113422
14727952
248167189
3169090327
3354688283
46742300
25836321
1031379746
759501306029629441
3257377926
701373222
447019817
281631530
824407219835994112
216870517
3331267379
4848196409
177363771
322411325
725127682443345921
17280822
250010438
37092172
3400588109
711662580389904384
508967767
263912280
767642283172884480
10926942
2345794400
944487265
3401125691
483965800
762243405837664256
568646506
16327826
336141169
29326195
236657525
3290545216
374535316
5692282
766008188
2485525374
48200575
824614756103237632
18611075
805527071028113408
753118393176301569
210979236
1383635852
3134700429
3073735574
2453330839
811875433876623360
1010870767
243022748
1977626508
52255649
824223533068939265
39140262
830443580930064384
140884906
3051453356
601619375
151813042
6035812
1209567732
2875833281
803829704159621122
827594148869869568
493829060
1628453222
382376903
400096200
2438079650
1014506246
825423686014476290
1633426388
1969789910
749856713558360065
81761444
326892509
263945183
1866357728
701463522
438310734
336159910
103337809
804715496
723283033126764544
12524522
185930919
8698862
4354480637
22944753
24706035
2513779700
809872674847649792
23708841
948599802
770309118
755215061728292864
2342115840
24450695
2930342336
85318660
489307990
759230910806065152
3139959816
96795657
742422973009821696
2435922955
58473485
2775284750
835726448203706369
217922577
409222165
831085148376559616
323050519
164556839
280247323
180739101
3288308766
142105632
37805089
21986338
822066834388254721
822492199
458390571
1278688302
113695792
570231363
471342135
3061652537
9534522
712357978259779584
2388328484
76815424
14826561
814685539198795778
53918792
810024908331814913
3262686391
1650809934
26982925
179723345
722054297018458112
24631822
806587032210444292
3505902095
3180035940
1222655066
184278108
182058080
729455713
624850881
24968293
101096551
345988201
788281258388312064
763911411298729984
2223733872
3692601192
21650546
2971278451
832890143539290112
55778425
50060410
518069371
11946722
776157672987131908
269458560
3378543575
789556300938117120
842529709279907840
121814153
2887338519
213056655
480468112
2481765525
416341144
438366063
78694938
777051624548274176
3079584927
3230882976
1081466017
4144258210
226552945
818072493676056576
16596137
751965866699272192
606608557
447470766
762001030552825857
1528962228
104586421
1631222966
428596409
384662714
545545403
390175933
1528598389
3017850049
2301041859
836260219953025029
3046110376
30973126
80239819
14318796
229336269
141393104
475454673
33791190
468352216
32725540
366720607
767778580889673728
223247584
243291344
34299110
302963944
801340457309601792
270948903
1374117102
2379799795
629464311
3259479252
3032895359
56900138
792214010229760000
36353238
837008713294692353
568343815
273980682
3234194647
554597648
925172952
28998936
800750791732563968
2236841246
3297828130
3278341339
1254440228
16317733
1268038951
837299336673374208
16555309
384793903
1673796912
193846577
298417459
63495477
548420918
818847405810548737
2291670331
747318108310757376
785147684046778368
48219360
1160376710
50085192
4685167945
2310995274
724635351063625728
42007889
216312695
2848415060
825960753983131648
584342873
89603418
1957211
131488314
547896670
711662289192026112
796461133431382016
18947425
749454176720084992
44414267
1028070758
701734248
3158047292
2217186535
140991854
762932533587746816
332529012
724288618500620289
54279542
172549353
3262561656
436886909
741252681147265024
159038849
582425986
302304618
799994874917359617
531283339
18052726
1447697808
102861379
63896981
76471706
305405342
1900592545
2911567273
873184686
15488026
14409630
30199711
2684247488
744163621345832961
38280643
298819014
117120459
85016012
2485140944
2165761272
4192320978
4608269780
1876049366
186211799
830458831373160449
352976348
1898872286
819968712937766912
409165280
117095906
2891955685
41696743
2270264808
10796522
1361427948
3278749165
3339558383
277274100
741472244132544513
349347318
771540541628518400
28884479
10786622
26680837
801317480044052481
30195207
1011015176
2766413322
264076816
257931864
1868635669
818934173612343297
825132263465578496
175882159
348051655
915504672
2851068491
2804579876
84141934
2820169254
585063976
3305741866
1969820935
769447849419497473
769584
780232607791546368
3089833522
774746035
200891956
54664757
86498875
257799434
82279998
856636998
803137203014508544
1161412170
20782667
1228913250
1399832143
1152876116
370441814
835960174301032450
29171288
220216921
14335498
263896667
1005379164
37183069
591634014
194616928
87498340
854702694
17833574
825082523508232192
838728573095596032
49503851
115908206
92282479
755913533221642240
1133118739
801241206554558465
1170546295
2155462266
184303230
2408210048
1027497601
82288258
26687392
599752325
842876292605399040
269950913
64675464
4426628751
34553489
249921171
550248085
22499223
1549825322
1279811228
24354462
2518351519
3346356257
1973812904
95092393
2396634794
266141355
172678830
2339962543
29032112
836441195958140928
130203314
40295027
1976532937
1691803320
1434197689
3276735775
16604862
495828671
3647332032
1378956576
431873730
3714703044
710441989754494976
24147313
15564491
4118036172
833012826058813440
3178457720
763820691086905344
395214553
2887760836
742892862342209537
216429861
2229190368
4825612001
26304227
2342526692
501137125
2253897446
2200731367
2275876585
761901700139536384
252747499
148979436
220962542
216723792
33234674
197962366
3677224694
2616756863
2493193981
174907134
3283451647
2341306112
1573279146
2930402603
573939460
842644813442965504
2228911879
1743748872
830609351723384834
40902412
1267932944
124272404
421945109
3146205801
604348183
38666008
337193387
2345672478
103038753
1087061514
3011641123
106411207
23561037
3012889453
4709818153
46989098
1697382187
1911072050
816974358438494208
29409073
1975385906
240361269
2779359881
250224440
478609210
1971511099
168222525
901488446
559472452
38469445
17566915
60157921
164964676
903946057
581648203
753965077376663552
822158556690403328
4643233619
619339606
64212999
23109465
263315290
348135137
810540075213787136
703321989239447553
37576545
21090175
4756062052
2560301787
34602854
30121832
1205870442
2382446444
16088941
226731914
2551971697
256532340
256838648
2562506614
3162279913
568450936
824407931982671872
3317006204
848969706
758013822
1228299576
340172673
39214979
961552260
36052870
1868023105
193945483
3479011213
76472208
241466432
1531633554
215056275
19480470
3950960535
816803008034078721
814497567526555648
786186315565981696
831949641432367107
3080456859
3004297899
434911896
1349835919
758847877917515776
832511095671767040
3033546676
1123401654
1273831351
4690825465
436953021
487639712
1567662308
50782152
3739516873
831523490
1868384406
2741690319
704971302377910272
4423557073
808990281915858944
158244820
821358636840734720
837265250454028288
811995073873223680
797327432026034176
839103383160020992
516636638
4150730723
2840133604
2905300965
2696310344
43114473
2774007786
2718187506
44169529
197009397
23764982
2424037368
13041662
