820139078817460224
833370913303314432
838871649567059970
721980854168391684
794273041706582021
799846955832770560
830988041149747201
1167910921
190337035
224362515
715943176863879172
718452762
1403281435
155445281
3035713570
4651032614
236081192
14553138
212248629
619894843
1164927036
2422333501
2345539646
2272471105
2324023363
594436165
131222881
3017580626
284102739
2743201882
48144475
3172823153
2325774355
432781445
1602328711
610058392
4898959513
438145192
2317996207
233695411
201502910
1585153950
4605315272
21078227
183899174
758284241545363456
1211642090
228974837
3000912125
1215162624
74334465
159252738
785771255576141824
1343326476
564201742
1281550608
2579257620
2750820634
34664732
829584965503426561
627986822
427129131
26216748
2225393965
2198669614
193153327
4500850993
594874694
34806092
248211807
2886654315
217348462
197871989
3214696829
1018734980
752325272175652864
492485003
218724750
2426610068
2207818136
2900050330
3237491105
837472295849504769
13306282
782281118791925760
267956676
572111302
224733640
2230340050
2790562262
1284006366
2223927781
769692678640533504
849912302
125116915
3040481781
206287352
411943421
2469224958
798406742547857408
418183680
796856147101761536
4394387975
439708174
2926191121
1462798867
816568723700142080
50717212
55738911
801038143596150785
20851240
395418156
592095791
1956870708
3012995645
253420097
1287475790
53930576
18958930
314006119
28856938
467061356
1672448623
1685684850
831552541494300672
549554815
831918909628567552
351621772
29108895
52789920
2254844579
707936074304200704
268868270
4342811080
60258999
308599481
708926149
2860153545
35498699
1226900185
26446567
46842602
21375442
2249038579
28689145
2927821569
768038353178550272
443276044
30274317
1519403792
597117720
27136797
489530145
518828850
112847666
91761481
17531734
853527385
2690505564
252965726
1236362083
767299517700009984
2922079111
18084746
71351181
17652624
2382853022
23739295
767971466805669889
35328942
264569783
201320266
746319318263042048
804776906
3663868875
149087187
281148580
1323619297
246788060
42900463
3191933937
48030706
387143508
466266623
4161123314
198185987
836546055508492288
319067144
260801547
877071373
271604751
469632017
807709762112684033
3909438501
426079270
31269929
2824160307
487990325
58840134
50023498
972092491
22873164
21124173
1316310096
876059748
18801778
72352886
768875939665108992
2304365688
606487684
362468485
1904917638
973352071
3488025736
2466552975
1639183513
512875675
776947721609449473
315460774
308706482
252200117
562474169
246084796
606600384
54052039
3128394960
43621585
1560517842
348480734
207846626
320843010
840554093831692288
813600274325438464
15914274
259669290
743604606794608640
1392870703
64810289
499199285
967177526
89627959
29214602
1628192077
39648593
68926808
3903552859
541152605
1335770462
90733921
878417250
1464847716
4302927209
1157111149
373378417
14792063
757376261945634817
3248319877
840791383623446528
2841746832
856362396
22857120
73420213
37291457
795179942581370880
3372266950
239351239
964906447
2457003474
954417744
247995877
767378415397720064
373435884
710394369354940416
14536199
3064819461
1104768536
3282069022
562901254
509441578
88258098
19533368
164161082
3257441857
2991136326
24563272
578735702
747382364
1056347754
563691118
254045815
2611285632
3247216258
840733118688448512
565720724
28098206
78812832
2396634794
228120240
284851889
52106931
15873722
425942721
7085762
1425106633
539338456
19120080
810788586
818533415989420032
24794873
1674956545
44132101
325783309
26038030
38725401
27853103
2169853725
15386408
3143212841
445910828
2787886902
3917545274
2638300995
405368118
956112714
342886228
2866460501
1730287453
3666829160
592185200
531576697
1147117112
454940554
385982363
243117982
140525474
846620580
236134310
1057621932
612793330
1098500018
561993652
25237431
325773247
20035526
33607632
838132990576324609
703352796
296591329
81631207
3223039981
20117490
575029238
