826406533911158784
758319314130735104
810605622161014786
794273041706582021
713441792583073792
731057260940673025
714907345021714434
224362515
1403281435
781520945785757696
779841027926528000
4651032614
284851889
2654681132
2443907118
541152605
14553138
1534736438
168736823
2877368378
759606437538660352
734618699571855362
45643852
338773346
250921038
117891163
2179078237
182265955
551381092
2310398053
221988967
205746283
1947920492
3172823153
279021683
5738612
2809720950
317763703
1411004539
297563498
43546754
487686275
2489702532
4333795461
745261084605550592
357183625
258140298
7085762
2363228983
4731588974
296147095
796856147101761536
791317462474231808
27275424
43448484
24866502
91426983
390164649
278644082
264833204
887986357
61974710
156842167
824821058683408385
137732282
201502910
434667712
319541443
398514372
203012470
88486089
748530694771486720
794786850
409565392
2865776856
40943843
2531199210
831918909628567552
67133680
3062110454
63820326
14907643
3000912125
520947966
3472226559
610210049
838673136497340416
364194053
777649403939069952
15656663
1733245196
363499789
3438573839
1836833040
2514237434
549570838
609276183
34664732
294448858
136673567
706106354268839937
1491750150
831275564128411649
2420672805
2418816732
249395499
34655965
4500850993
14655794
2572376371
3892056373
109033782
1896329528
395022650
343777603
594874694
65704264
21743945
731854511237672960
38846799
815765788258947073
1468598330
2337534307
15833444
3065106789
415175014
19794280
3853767022
55347568
21123443
434299253
3015608694
515902527
177113468
2299216254
832617981079269376
32283017
17813899
6097292
218724750
20171154
2919723412
88758678
518752663
2192855449
2782310810
61208987
528525725
7848352
3549601
60400027
317403562
3400751532
82670000
155711931
60133820
779461418861101056
47741376
281369025
572111302
383418826
17873356
474249679
435327443
263881174
607797722
11770332
1600602589
466653666
45656548
126616037
12605932
79028720
2372112882
779159179726508032
2727858676
53379575
93895164
13306282
2469224958
760932302692253696
837052635098267648
27017985
875733420
12085772
479504910
248072723
290185755
2434294310
789426293410373632
2386324010
3027677749
895625785
367381050
1082585659
580213311
3772226116
247896652
3270303090
326115919
334828113
2330407506
577477203
471687773
766626398
779888735877931008
1711389288
575210089
28856938
380482155
808216750127009792
2704961983
1550932214
68764289
284263044
804428387255078912
160361095
143159945
848169612
10666432
469799575
4844733082
129118875
820139078817460224
838530397961015297
805830656269885440
268868270
374792308
155968188
4352268991
2579018436
2492408518
24464074
799435
68348620
467763924
22717141
18776794
3004840675
362851110
736177741658267648
4148888299
268055294
214168321
4882801413
769294350702436352
16153351
2271013640
824021165291294721
143909645
1184891011
1160231712
1901333282
757171014740566017
335246117
2201914150
2314591018
2254656300
475155249
397435700
557090270
4896201527
24042297
828018617769926657
228799294
2227614529
870968012
2922994505
834526027
1626010447
2334653269
3712469846
1494071780
3996226395
138906085
92128097
406928226
101614435
127339365
2157980520
254545724
223466348
91614066
249396093
584745858
817815460385157120
772803463
833240886884630528
316738448
157195154
43797395
762712981
49071001
1227326366
217283490
15473210
825869176451526657
68438950
825355176
351319538
15928241
22072244
1862511541
291386302
995617728
19424193
731178889884504064
168362951
760880653156089856
21664714
1699277774
3189167058
3799112661
2327464920
2451843236
2916953051
1323619297
554042339
2923924455
791823307922374656
560464876
338975725
801897457
331922418
2873089013
23321590
2961093623
5753852
3075431421
75265023
224896001
398400514
172950533
745638755533488128
3731667975
31677455
258960402
17517602
789470414972092416
3034424365
140193973
52094016
763061884786475010
193512516
227179589
1691006022
195269707
125824076
12661842
492432469
2997560407
46274746
107475190
119399526
838436823114330112
323933294
224942952
518032499
72352886
780567376198721536
93049976
3309141114
287128703
4836502720
362468485
840223062964473856
973352071
410997898
16317580
84251789
2598519950
219894928
3152311444
125408405
16143520
730759469139922945
271604751
752463226613280768
2197810358
733989325340303360
130186427
1220590784
385006785
4133465283
1445780676
33580230
17214665
1245785293
814066898
432725203
2666357638
747877747511431169
279178460
2283017438
2975456480
2182700261
743073001
20963651
1855257835
16729325
1124138222
769582896940277760
14681336
1180126460
238494975
824825887686172672
83479815
391982345
21153035
528845698
2861722899
318774557
813600274325438464
833047773909917697
3229285669
27241351
2320532797
3034012992
325045570
21898566
3316712776
77040973
1092380557
160933202
111670612
16655702
4442786361
259136856
266859868
29073978
24311134
414616930
332171835
28898666
476768146
30410095
4722111858
22543731
73928056
2568854905
2508217298
754508518720319488
437917065
596805010
3123435075
3182320196
763415964
787662472530493440
2782211491
577595900
631471533
1482368443
3654739397
928997281
128976602
45747659
460088782
3060606415
16442832
2805624278
194287064
157109721
96177627
705027347670507521
796763030180790272
2312177122
247995877
34700777
790947306
457743272
2543179250
23204841
586003959
3196517631
1397458430
2341977604
718810632
860827152
267425302
3922630575
3371445797
627297833
1735142954
231605804
878417250
3183150638
196050479
385732145
1559340594
4634742330
16954942
703700133742034946
2987107907
87715398
14247495
24563272
2802933324
73700944
23811666
1711664732
19930732
563691118
3844271727
1473686120
323526258
2309989310
38024824
325773247
271504320
3035713570
3218943621
840662123466313728
43751048
4902897294
565720724
14904983
120915610
2471605916
61077153
1012418210
842414849804120064
2396634794
497471148
228120240
905766577
52106931
3632543412
217348462
805473054134398976
20129472
3416104641
123041474
715785926
1425106633
779789207447408641
28325584
37633746
16748247
38735578
794332
127459037
600235743
100277985
351108842
2233585387
130944749
15656687
3306524403
824760192504098816
19994358
24794873
763642
825048421891403776
201651966
3064819461
839860649035358208
1551335179
741351187
100531988
17588185
2902202137
495587974
15386408
1331887915
471820076
793577262
831423687664496640
3235669820
22841149
3118927682
1177878342
789530190321942528
534853449
29085516
3712958776
754466646
3262236503
1730287453
43931487
57188192
2693894118
106375016
19259247
20916085
14158825
2911215485
3006418240
3235712898
73734019
827655903054852096
3380852615
360146824
80459659
348923789
2282706834
460386195
814509978
24477597
922072993
140525474
74150555
2694287269
590772139
6485932
612793330
830540656997187584
387394888
551573429
531746750
18011125
2382495682
2730088387
443181046
502228641
2856226765
392157134
19120080
827075647289847809
26193880
471887833
863203290
844620739038892033
1355741
1869529056
296591329
17071138
357074918
32729066
282118124
839091911403192320
1554130928
123389937
20117490
38668276
405573630
1342494710
1197508094
515942394
42400767
3311697916
860557309
2382671870
1520936959
