714558520801099776
838779720560951296
830590919246282754
791388986438811651
818926866140659716
789870368030949381
755932361678651398
4880039943
39829513
2703474698
156827660
826156314757824514
4031938574
4305207312
815111483273211905
828743601341530115
245137428
629762734
3306487830
759228528449683460
156467227
30752796
1240596510
846117024547962885
2388328484
136626182
1627439143
2463809580
325255216
174874632
102861379
4104241212
382036661
501448768
463331339
694945749805563904
838535439627792384
499089480
50315338
1108754508
4649533517
250921038
588054611
778787968035221504
69386327
203735128
1483948124
2717836651
1471725666
800848258335707136
433406060
148570222
517840915
4666032246
36569209
58933372
297563498
3806396543
20955266
1184891011
2374271108
756484853009223680
832511095671767040
1333559450
325501083
1703575711
245907616
135987362
792903698611441665
244209009
1965457579
21414060
72223432
705626142
71450806
837297630044688384
16498875
4861640893
434667712
4454236353
1393574083
604504267
3702849741
119825729
3457231
580518096
185811154
516931797
195920089
783397732916535297
824628454016421891
2355063504
250249442
40943843
2244837604
84639974
124190959
819537637811822592
22855922
1389830185
305004792
755334087683018753
43090173
596902143
221948631
409731340
3972863362
759101276462387200
2543179250
23036183
826410939532591104
320356634
30114081
223822114
26435633
764343348123475968
1715683626
406389035
3041181746
919929134
631308593
54903095
3712958776
15237433
778719740122370054
372667787
817297939974324224
3291955530
739824209380159488
2988835149
38846799
776785924181164033
2261926237
835726448203706369
4893573474
595517499
482591078
321519979
397964690
1007108474
2376597889
722286010264989696
17269130
209486224
331104323
3263578516
2325070239
7848352
26050977
760538054985527297
2884676337
3039314346
1335083438
404275633
2878620082
615383475
21873076
545079736
3166798269
142344640
710829001049124866
3342123460
383418826
184582605
859029968
3515236817
100286931
781634456683704320
744199373047861248
838063782806986752
1875280344
607797722
34406875
1600602589
1412563422
2509275619
126616037
352174567
235209193
201097707
3256180818
1014268400
284082673
349274610
2598126067
472777204
53379575
4880400893
714782998940364804
3283616258
818722482601476100
2472373100
828359179
1908785676
737094179470221312
322404879
426279443
237388308
804193891104735232
464159257
407585306
3535127067
38126110
330957343
3308651042
3438106033
739595704780214272
26362413
829133273993469953
140362289
1054442034
1388495413
92416777
1883341369
2860843588
212992581
837386543945953280
2995290698
236372555
1137691405
908755536
75030627
1343324756
601915989
1889976918
30884439
2817491546
2150711899
161071708
2433840570
3031286369
48038499
699043698688991232
575210089
770298640539668480
275694190
40747638
1704444536
126517889
1219117698
284263044
811624620767858688
751128134079111168
4821222027
2276590225
212091539
247103598
4844733082
2440577695
527155872
2938651298
446202531
700514478144638977
4795318949
2930344614
65749674
26012445
446628528
801666504
79282869
3004297899
262299764
826049836625453056
133350077
2854421190
1374267439
3011707596
2340635347
467763924
427914702
2216362710
18776794
7455452
9880292
258114278
728014145979883520
3286008553
2497168106
4148888299
394035950
921518832
388950824
3042018041
705233659
90079996
711614325706739716
27017985
201802498
3308385750
1702134540
830406570500464640
46301967
487686275
416383770
122897182
2257961759
358612473
800010956851978240
4036346673
2363228983
573866808
3230575412
65585979
739924511944892416
331383613
28492609
12845892
330302277
759069764203315200
3270132552
495780682
81691469
54641489
281101142
564773719
18514776
1878082394
2338456412
92128097
101614435
950993766
796742622530404352
372458347
3392031549
1194902388
33090731
2861237110
823571457649184768
45260949
584745858
836247201282142208
73581445
704971302377910272
3312452488
2189017993
179723345
49071001
19432346
218694557
410780574
612696995
58639268
4129701
42959782
62735272
430781938
730037015257952257
1882014648
41632697
831877636687159296
470549437
3323282367
781520945785757696
969782256
168362951
399819725
2218820558
20366290
3769697236
618611669
125322205
1249821662
2799813600
554042339
835126577847386113
799499869316648960
789045926115573760
560464876
4420912109
94897134
3038872559
1886815219
2989163508
41862133
523060215
46760952
2581384021
16385026
3120125758
172950533
732007214622244864
38913031
30901256
1019823114
1852457995
91767821
296584207
918176784
85246994
1925112992
815825942
1977140251
2589033500
3014525981
67683358
554927140
818820018288951296
496433465
253690929
1892222006
722054297018458112
863077436
14287934
30458947
272237636
2174764105
1906082894
800721787323445248
25314386
4321133652
57214049
115934308
124814437
745718886
792250197611020288
21693546
771459718787112960
48612464
2803354472
1487766642
428737651
771540541628518400
44169529
403719294
2735359104
16516225
2525365379
830893794367148032
107824263
3979805833
2156872845
2598519950
93260653
732623231736291328
46777499
758938048616816640
730851104062377984
290456737
2232255650
734217001111949313
273222513
722573847430504448
23708841
85361836
16154629
142984368
833266879020032000
2316829880
2463920684
2664957121
830696632433807362
54052039
18826440
4851960695
21365964
705883804540362753
550077651
395429079
925172952
185595428
3278341339
475057018
831275564128411649
48219360
4703257825
468206818
49972456
2897790185
842644813442965504
865158379
577651948
16729325
490849518
190006515
14681336
782157049
309076181
2598622764
21153035
275057538
4627531026
1133118739
70419736
18285852
99353885
1105429790
3276735775
39912740
711895597222072320
3013828828
772803463
3090449714
22824243
2555008772
2320532797
2277602869
76875072
90768705
3316712776
3108898122
794133835
539379020
839806649242116097
167642447
351978832
839122940922851328
524446606
1567662308
29164890
2871231838
2179990879
338773346
146552379
94537062
725960040
742989373818437632
826753386947104768
837296300869758976
33457517
441214858
30410095
278644082
633357684
820296702154436608
500195562
4451206527
762401684106588161
785175469549203456
3406300552
32785801
57935243
265729602
2695005582
596805010
15193667
66110869
8205892
3015869850
543015151
43337118
433063327
948192673
2813724066
809656945405636609
20841895
276071853
46302638
2683848120
620594618
21480891
743085196518383616
119297610
2276607422
841067180921872384
3384296897
817336073764253698
2743403973
537331145
338822602
4350870989
61867470
85689808
1418871032
256689618
4625090003
2726987221
763761339667841024
1103955416
523765212
705246103990616064
557090270
2312177122
841220980445962242
19090342
181241319
3072132586
1458170791
786699020404137984
2227013113
32572922
164544767
1397458430
373416663
4705502727
927745548
186500624
3182167573
1348175383
14501400
3185215004
26445341
509249054
2923284002
2556118564
22480422
400903089
7030312
500123177
231605804
3183150638
2570143280
1158366769
763126705909268481
4059810740
111380027
3317040702
3329391977
1213946636
2795112008
776487180
36324939
1160496716
480921166
22562385
78448210
2309480718
364611158
385111652
2543502938
1208338014
878495328
813653124397273088
23381603
1261258345
781665902
3892577903
24266352
15058545
15812211
331089528
283117179
995617728
148473475
3384641157
16352907
4902897294
1771151
4496967314
404965012
256755349
797894194182451200
2888140440
120915610
2699822748
3234760349
1860912799
765654020509708288
1012418210
841689610006614017
1118620614
2304607914
27739822
102270639
313221406
3997333108
2593621690
799761691986653184
480282301
68729795
2468711371
1971029700
18052726
715785926
2192326945
35161808
3247392469
128976602
82873296
2481108584
4613162735
551585520
4696508150
832617981079269376
108070653
101592021
12015232
436356867
811665158
298960650
69091629
2436253456
2327464920
6850322
603260694
2474346264
375637785
2794194714
3509865434
1664059166
820920961612427264
19482408
15455879
793577262
1393297200
40863537
23152434
262489912
756788416986116096
22841149
3212756799
3288937247
2356729483
771063565734117376
525862729
4213327693
3262236503
720873894618337280
1387976335
869091174
1952991079
322128871
824722542795640832
22464371
3065743222
1052608375
17106808
719383692192288768
25764159
3709863808
1566512790
836967198291718144
3237414791
171755405
1436338063
20963651
2824980373
2327971734
773576258366107649
1626010447
267863967
4142450593
2901690274
767276029098332160
15894436
402130853
4900603814
1952233116
71452589
920225713
4731209658
14518203
216713148
1245382590
42232821
2982119363
967165892
2643412933
14497441
5654472
1849133005
790060752778375168
88737745
3623192533
35997657
233442298
465651680
3225946081
3047393252
357074918
2279401
180275178
2362767015
2387150828
823458442522349568
837637334216687616
123389937
989710322
38668276
4593354743
43239422
4690282496
800409601
3375089669
15747078
449038343
1917650952
724930584930357249
25917101
19843091
2927200279
73238553
2284079132
3297922053
2480195618
461850659
4140714021
465930280
4844111913
238700590
15566901
29804600
1358313140
14272574
574654527
778374053216280576
799851462176161792
270485576
3427727056
1660641284
474318931
835309682067562496
4830578784
221988967
724635351063625728
145754218
44533867
26609772
459655277
406227054
29329521
1100613746
279021683
125732984
911706234
14518395
2986641533
327125119
804422039964553216
2288519318
72943772
266069195
564922531
805234363415728129
365906087
1295212914
487552712
264833204
712877647118864385
1442935033
825462572912500736
24381632
2397752352
2744420546
2344634563
560580804
15763660
185368344
355436751
1835043024
30996996
51251415
4656826584
95160538
63604956
30623732
28325584
164006116
18057450
819616016451801088
1449085165
3883075823
788890659847561220
23873785
39258364
3000912125
520947966
48335103
2488387844
494700808
937855242
29775575
1975640450
23038222
2800535826
549570838
2799438103
701436022647730176
588777762
2420672805
45254951
546212136
26216748
756331766332305408
2360
570870075
745805841568129024
740266207685672960
3189167058
25430337
1238485314
707736867668492288
3316206787
20449608
21743945
25020752
719432760
4557998418
400096200
3326052694
1073842519
69208422
19794280
759304640349503488
706431431417978881
55347568
253813139
3015608694
177113468
309168509
2321708779
797826952711335937
751885664283602944
2946156935
6097292
197609869
832919250922774528
518752663
1896597912
43682201
772493231363919872
817133760017797120
428804512
204695538
762001030552825857
119550651
155322791
114411949
3922561455
2576599472
2627537334
820365751
2212563384
3180035940
203000253
801340457309601792
773114306
2571454915
3615754692
2795342280
1081466017
11946722
1544047063
22006234
40716763
3128150492
138906085
3019606508
752006156353150976
775065719247556608
1209567732
73026037
542050806
19614200
1446923348
385354234
33606141
492432469
1325451776
706544246401196034
2653102508
206604812
794650761929990144
3899066894
1969712454
248072723
915900948
49924630
2887338519
104876569
78694938
4028762653
605083397
3177171489
458328611
1223560284
161516081
1130039858
1318341175
4442786361
367381050
332171835
2156399167
2836499011
775012589277282304
51169866
11520592
496519762
842295124235288577
183093848
149359194
3311209054
527156989
170216039
537578088
3146205801
799472784548175872
1967041640
825082523508232192
741472244132544513
171313785
112200314
229886587
571935359
2983365248
10666432
779159179726508032
775434765419761665
317999754
848169612
2823752333
2958871183
1308658321
3233598099
63818388
61131414
187402904
2836826779
3588819612
47434398
487639712
2539908208
831523490
780915069299281921
720569136284311552
33327784
705853696836444160
3840920249
2377779899
4407839421
832723752710393858
14879862
511740616
536726217
24464074
467173837
51869475
969132756
305466071
3243980580
726287243497762816
2271349470
1650915109
827816074519334915
524454626
579865316
179849961
817918170266763266
798564818810785792
404949747
55659255
379570941
86035201
18270981
458771206
104073992
815765788258947073
831982496073949184
1311509264
202233646
66636567
714166812984885248
761285407
16337697
1901333282
1007815459
2201914150
8014632
332426375
2797194030
15600431
2796555056
475155249
242532830
1250790204
815432918214516737
2862877502
23579460
3148385094
2302626632
295586633
376408908
15895373
3343973337
239881043
357649236
3501820757
3712469846
776384916875571200
2817657692
316836701
127339365
3017018216
1544637289
3012889453
3077961533
705191983636160512
2695891825
2420837234
10786622
69667702
118882793
322243450
982190971
41323388
528845698
71303659
3014364036
257993878
831947065164918784
49646471
742259804245262336
342772619
1449708428
29559693
316738448
1897483153
43797395
2913504148
304532375
2563820442
757689632351936512
822453581391548418
21384098
825774536683515905
1951235820
68438950
707259193401720833
298699688
108940444
369724330
67488684
2540096430
15928241
22072244
1891388342
2305969081
16976829
17435582
164973505
752256689806544896
266161094
1045466058
2664926155
77663184
18074577
828059359892611074
19270616
254397402
266161118
17960101
2923924455
14158825
2978614251
4690362877
831565575168126977
285232117
446778358
3124431863
256838648
824313280042668032
120622074
5753852
3056962557
2763672747
837299336673374208
1385335813
2764590090
768087895
3063729165
4568140817
2423966738
135433237
4872424475
2775927837
2694728736
17517602
776258971078385665
2974095197
19958836
321014839
515902527
747173635534786560
792417714480349184
141393104
2276347064
21351506
3307015251
699620886815600640
327617721
3168226392
4784833039
2378665052
1899744350
1279577184
279481441
3012463721
777931827600302080
774546426
303615090
518032499
715351960279511040
3536292982
751966857259737088
292785272
385158265
114379899
1086590077
134840324
869158015
594111680
825132263465578496
814497567526555648
718912529972477953
175606925
1465060494
3629812879
30215315
3384675477
604834969
4817704815
431279260
62377119
1699515552
114560163
732908708
306318501
762583556941950976
715233707859189760
42175663
783830916154159106
736177741658267648
3425078453
342576310
7523512
147295417
636931259
147860682
2325449918
258234229
17566915
1147115382
106368198
578751687
783461498488229889
800214954640973824
16043214
1970539729
1118375124
3313487061
961973462
724288618500620289
769134278714068992
728291793989701633
823220091181551617
333532384
94735585
258411749
25382122
3519057135
101813494
788955166544453632
758319314130735104
1180126460
764296656997146624
1199328512
3009793282
919883012
793963725212499969
83479815
161418504
821251634940542976
433777879
794205757977698304
395480335
403000592
4724755730
2193886489
4927950107
4735208732
81811333
100650272
1830800676
3110751525
746121818449260544
1048218925
18795823
54103348
320924894
34426166
4274982202
104631611
33344832
2216430913
325045570
561089859
3275279684
26676550
2421845690
834888664199069696
41815371
4420111693
1344687438
63851859
2646805844
800477774842511360
550367759
246107482
712740693081391104
414616930
162696547
2182991208
302304618
273354091
4575104369
1091128692
73928056
165432697
345891391
27774340
843094061850406912
750842812665569281
99962250
463490449
1109708179
37113239
49925528
249908463
140905884
3430616477
2607123872
37211554
384109987
840117644103626753
22826406
3901820331
269700525
825048421891403776
30510515
14454203
2713357760
728055010450354177
840125157553319938
430247366
22351303
45747659
913575372
49761741
384962002
4108244899
2297291342
802002962696454144
66538968
2460489636
3171192282
96177627
31444444
4614163933
734218657098825728
3057634784
818285574381563904
142953960
1269829099
506289928
1286082031
2432437746
841678488146870273
2546920704
514100740
733319261179936768
3269037576
258140298
711617560123342848
143478292
945223598
241225246
3321245667
246533664
2508475938
2899365411
2955152933
27528743
627297833
4357983792
385732145
137121332
3338202377
4387442232
4634742330
30608963
486248005
745534242973589504
29019722
22171213
590909006
284118607
237981264
230559313
1286390371
1270959703
2869743193
623038044
1744195165
24706035
1291079264
14323300
718499089
341266034
3692678772
789484898637770752
275412927
2441989758
23121537
3317796482
51351171
3254766934
840662123466313728
1661193865
282914071
3296005775
15847057
872926868
3733589654
79203992
3540651673
4043503947
765447835
3887852060
1573555873
19697314
1694109350
75878058
497471148
34426544
26955443
245632694
293195450
122957087
1515146940
489461706
2517683903
252595904
17001760
111808194
1025412804
1125387973
3232435914
2238402254
411520719
785564280
2919091926
16748247
702546727648165888
38735578
34655965
1649299171
2233585387
130944749
228298483
66710825
101371641
829952844795047936
455249662
319065859
1545424644
769658630
68764289
3004059400
2804567817
1865699082
90476301
1914326317
6065942
41242392
2377830169
2278592283
16912160
2166902563
3362869038
97210159
272158515
345988201
3401125691
254545724
259968831
3449835328
3118927682
2534851211
3023818571
29085516
103337809
21352278
840609312154222593
47697756
2529775454
430411623
563203946
2612186990
861572976
418549618
5476212
755215061728292864
3591868283
453054333
3032895359
3006418240
1432997762
1160023939
20451207
4256796554
850169742
2779844497
1040306066
17878339
724586388
228020119
309989273
51023770
2701365148
771940721536471040
30199711
2463911845
3188709361
22597545
837052635098267648
3329281970
2832261790
22400950
26054585
256616875
531746750
68046790
2374569931
2856226765
819782240619986945
3921666723
171954132
24022998
272437208
2972291033
2811656186
219877344
1973030881
41881570
823984552624328704
2693894118
448654673
20058088
3162279913
2476270735
3000274927
3105460214
2324647927
618581332
2464976891
860557309
405573630
725138855557369856
726264538618712065
778746783627251714
703847629143183363
765441065075691524
752094067941576709
103092230
827311323373506567
295131181
41046031
814593073829343233
712286116586655745
797309275655782401
2214694938
629133339
129830941
74321955
3327922212
4825436200
399675434
21942316
2443907118
26710064
62787635
255791158
2320896060
38539327
1540411459
798643572421574657
758361230344060928
3316781130
1364955211
82677836
15699298
2356826190
1435684195
2813972564
762851762092937218
225398875
327487581
631459937
331681890
751118562404798464
2985955438
3188880905
5738612
3027882101
39981175
32329848
799994874917359617
3285635196
1084264573
30567787
827528780235280384
18747527
1299779720
2299908234
1260339392
221272088
17272979
842419782884384768
170910404
822118990109544448
4034760860
791317462474231808
754508518720319488
721739605578485761
766431397
91426983
95539372
2325614766
81755036
142659771
151965888
819022867115413506
319541443
37146820
769294350702436352
93950151
36475081
751666696222453760
4876326048
125767889
714807331
767701252457263104
3357806806
369801252
714907345021714434
781783260
21762270
268269605
2613208113
366762022
14799078
18993395
164352244
2430865657
15651068
744185440601772036
85926613
610210049
1600082178
838673136497340416
77067227
619352327
3354688283
820908546636312576
462262541
819458924025810946
216486160
1487982870
609276183
718033176
815042844
236982557
84332830
1968902431
2870710564
129208614
232313130
4919939379
319082804
3892056373
395022650
31215196
53956929
1951797570
4538159427
594874694
65704264
741595312096194560
3099585933
1399624016
241635665
171577684
571527511
460088782
314446169
3831651
14602589
18239840
197022049
48828770
3065106789
415175014
571821457
20549992
201024231
531648876
2194870638
1459114351
21123443
1470746996
26136956
449319293
299159939
833696488739975168
559681931
125824076
2915809346
474157454
46829969
750461094620168192
1546047895
2192855449
170037661
216912289
426398115
838728656109318145
1594839464
763415964
1567494570
499225004
4271395218
919523760
44863921
18174386
698189020166115328
770331061
55529911
443584952
32608699
60133820
515592637
2911567273
724218012916658178
21680580
160469446
21059660
435327443
129366094
15826448
733739984256139265
61837787
797756923537920000
718173922718560257
466653666
39847677
2984461052
235229674
728052269518749696
33722865
2372112882
2727858676
128307701
122458617
831641395651817476
781227561695281152
261886465
1170723331
3034894852
377213448
2433634825
3505902095
4641886740
917073326
3205517847
21877272
3240235546
321491485
3226571294
374579973
259232291
1646629412
1014506246
3122041386
121475630
600789551
266670642
82350646
2249888311
52580920
55020971
818837350386044932
404689468
223826493
2600505918
3646673477
27398727
31158466
727628249853874177
439161421
334828113
2604208724
4899377751
1324962392
3106427481
24744541
38670950
793200993315921920
2989551036
814187427002798080
293212783
2788037234
144216691
1357156980
69522037
837262310880198656
1365906042
1641779838
16372355
1728287365
734714694930419712
9376392
1722978956
108565138
818934173612343297
411734678
469799575
20959899
35639964
248402591
2840695456
727750411407478785
2293568167
264327849
3035140779
23220908
96883376
69915315
244535990
355619511
2382680761
806587032210444292
1973523134
1876218560
482284226
790392046762590208
3000226503
139612874
283562699
56509241
482677455
3114980048
36115157
144577240
52105946
2910845500
169054944
145298146
1008997094
722820113351778304
43995880
21549802
2874512111
450007793
757678899660623872
26761343
581027471
729043779907297281
839897845083820036
40047360
19141379
17765125
508842758
885838609
521409302
157109721
22663965
561543301
3064894241
1952387875
2541687588
2471368838
46142246
703109732525953024
752158308023369728
2254656300
635839282
2962913416
399931447
702885344774062080
2162791236
2331005767
3331003209
1217647434
3103593291
3536999246
840260106323279872
217806990
17470295
3996226395
3181024092
3697120094
189633375
2150421344
3194639204
25400168
520803178
280251879
223466348
3794670447
297538416
6165362
3193803638
19977079
767624973238140928
2599785345
141955973
755422830670540800
1442276162
48026513
762712981
3224310679
17961880
19207065
3307295642
952406940
4638872477
1240372128
68211617
484578210
827622278561165313
4690466653
1337365416
2905101225
18027434
4698761424
68521458
2185155502
3817830557
49943475
285709236
3765572533
73946038
2379518905
996447162
3966374844
1050596286
3398521791
271504320
494490561
835965535309426690
354554824
2441106377
21664714
263918540
633328589
23561037
240915410
23335895
4040496089
352179162
817872072856784897
4275114974
3032093667
205935589
23204841
3914847210
613012459
14324720
2742719477
723850230
611472375
253121529
30069754
28382205
753730789930594308
2764903426
16947371
129831944
562944172
830443580930064384
23814999
63788046
2708313103
1053164376
350802962
174199827
45224980
218091012
316937242
1912181796
16017961
78730279
370955305
2153894954
106107950
3125333512
14914613
4924036151
4156838969
2527614012
21795901
1893028928
3378598977
39179333
4339618886
25433159
99537992
740721529114202113
195269707
270062670
3855881295
2491520082
128062547
236573780
54711382
22713
316560472
3067679835
757444105370734592
319673439
2307730960
25728101
2531857511
35755118
110023791
759501306029629441
3019953269
93049976
283595905
85480579
840223062964473856
2710541450
2472629388
84251789
219894928
123360402
17274004
125408405
3045954710
3107509399
117232792
587977882
16143520
727572192972673025
185930919
2626868392
2493306025
329831600
398562486
842355425345429504
727792539579736064
178214997
2355154464
26760386
65148101
605934790
2286867656
559995084
786519843604459520
2069711
243291344
121299471
814535329000591360
879272826
2283017438
840669349534928899
299308263
373658858
839787425664675840
3238335728
2191791348
4409871913
532370682
4322170109
424711422
132093183
169858305
3303625986
105272579
3164083460
1969820935
516642056
1955304714
1602065684
375493915
234525982
784732117221507072
2724615456
836293921
1699878186
2564255282
4473482907
3220849544
793739514875215873
2346774067
783368833
712060416768106496
2855532768
19043650
479827273
477910347
2401326413
31610197
276559121
56890719
589206883
429970790
3178457720
108074347
43013485
578753902
41375089
622969441
279221624
76977533
780541142135812097
4010218882
812639126
731854511237672960
437917065
2615285130
756957201210740737
247879056
262082115
51684249
822093179956641792
1930941852
55612830
784637895281868800
742454641905020929
2784915014
1538430374
3312293290
528671645
3428111793
2313606578
66590132
784309463784095745
740542236279050240
182408632
517946537
228480442
282203580
47896005
38868425
197501858
20714963
4629714391
194287064
19402661
426137060
61887977
36853231
799284394628358144
283200815
1294421977
741428199452770305
2220971
306666042
3241694727
481676285
51484172
85169678
295032336
286135826
267425302
17520152
280630809
14836655
4823897631
4169782817
19525211
580851236
2458375717
16166492
45946411
1415419436
2847086127
299128368
33756722
16913974
18421303
599283256
1238268170
1673729599
827288995633717248
3123435075
2441123400
3298498828
606934602
3461305932
276813390
73700944
34035281
23811666
2647496275
565909077
793433688
701668639490052096
526030431
4662417541
14915169
2876793787
3285030500
585012849
745638755533488128
493835892
3708216254
2434618998
2713114231
742892862342209537
789888489068212225
2696861311
711044488752279552
637015681
723822755192426496
24450695
43751048
35542667
4012562062
107173519
104404625
3371636373
2934478486
393975448
36312734
40649669
3158537222
104584865
841497075393155073
4922873510
811095720
1659131562
538482349
506943774
817815460385157120
15652540
42342077
2836960959
763039124802658304
840321639535529986
804138484952772608
2861749960
109057738
1088935627
1153504974
628433
1638930132
2945647566
4697872087
6723292
519362271
1610572752
132224739
2272859876
1596340518
34756326
695548139357523969
322885354
3416921837
811444195558834176
33625840
176559858
40326899
924653300
771777690085027840
19994358
3063977722
484808445
420714240
592031360
2795312898
4262336260
4150662917
39704326
38950663
183867147
141055758
836265089493786628
3515062034
82646806
2902202137
2773735195
609277731
626333476
720530092254998528
22812457
61740842
104978222
3003644513
772386853764886528
1386338108
25843518
227874624
2497173319
456114937
582447068
438310734
32495439
27645777
149706579
340875095
132796047
4821440349
2848773982
43931487
2323634018
4706324113
713971560
392501102
798962062277820416
393811829
433985398
15754217
1444077572
424236927
1120655232
2864781185
209917826
73734019
21174149
790488686794305536
836652707762995200
17766281
2701023114
2282706834
286250899
171582446
287938457
1479628698
297386991
541693854
267392927
1977112482
4803975075
777345584961351681
2548881320
769358539844268032
2281478060
3922630575
1156531520
278714289
202797466
4329396154
962484156
265508799
334698433
834804240673599490
2730088387
3528103876
3177571318
149329864
44685258
480338935
69375949
392157134
785662968
2996246486
840387632559509505
2419234781
481687889
3052918761
3196360683
545478058
344233970
124085246
1342494710
315135991
295278584
706327875306164224
2347325437
726112254
103946241
517199874
2268122796
826406533911158784
41031698
383080470
796769504520978432
282335259
17094686
3346356257
780216047328694272
599857189
268752934
1850202151
1631295528
482498601
102411954
52516913
216356915
1636702268
1966741567
828991788052541441
3630536772
710058049294172160
4922824778
2871203916
2485000271
35188408
2939328597
726072326333194240
29727076
2179078237
1624135776
242964579
1628453222
1098782822
793094530367127552
2878208361
731178889884504064
38279291
3435157629
8493182
938367103
2783729792
11704452
721962006
761648360281542656
1891686536
370907274
14358671
2754910352
2853542034
872720370
296147095
62429336
1305729182
1108105376
1699666081
2777127074
37230755
769987006705373185
20895914
21108907
21567660
38858440
69032114
431151283
887986357
615798968
701815883119857665
46274746
294295740
4776024254
148658368
788496161061670914
425187523
398514372
611932357
839322639558717440
348051655
3332229819
1115642065
14424275
842363873613213696
2854377685
707727504040189952
76994776
2585158692
788941679051022337
860674273
2801146083
56858852
28465382
2652835537
29284584
169679081
3041488595
108036820
3062110454
129333497
79599869
142612734
925112575
2308299008
442276108
283534381
1836833040
1016011026
355899668
16816408
553687321
261708058
324063894
836260219953025029
522836254
45832480
837565045068398592
2436241700
33282343
1657821480
66476330
2572376371
46903006
898799929
3529988418
175036739
1082049590
1975998792
4381001
1359845707
2363152718
123803985
1621383506
228825427
105584981
775224190659989504
292624735
93706595
15833444
306436453
3299350886
23681383
18684266
1159076203
317954414
241719664
107960690
285710712
81844605
42785150
839132252193894400
31496584
91838859
300095885
277466861
802871696
311024020
88758678
795459894514171904
193512516
100637085
793550538185052160
562157984
381163943
489888168
310188457
836548228048904192
25532843
3400751532
3420412317
106994096
201005491
1701878197
713565066407362560
829577658
55024059
214168321
49075903
808990281915858944
831084992
281369025
731027906
175266243
2571196868
37837255
293165512
27089355
2821151184
838905027745972225
54270424
839862629850099715
2730973666
783789032669114369
279697896
12605932
14932461
2179946990
385931759
336910760
779287695054950400
592940798
344137736
24822868
106306045
39197183
2342115840
3099741999
122018306
106895787
104258056
16062990
3011811859
179460628
478337561
4659862043
1564187167
15718944
95394339
32725540
270948903
4628797992
760932302692253696
709344283573297152
2885791497
34609720
15473210
708061972713988096
19192245
63052355
3772226116
456016993
2851068491
247896652
245930573
830564071
577477203
831089088002420736
822714103693213697
15171297
43326045
19339873
80829029
723884646
183999080
130538090
724628058590814208
831918909628567552
45783670
318413247
832086089808490496
2930342336
1163955990
819998843274219520
824485459392811009
840377161601187840
36231618
97065616
3277724306
1010522774
241572503
838408001161674752
702276656757661699
771537900164952066
136092320
780353487192240128
816990369451823105
808765643168292864
10918572
30428026
833037507381977088
9534522
1955568308
127163064
4854884194
2207865535
1724160704
814321440
824327822751780866
17226187
16088941
376928716
373938895
270637777
246566691
25664213
217717463
26958554
2560301787
4190870238
3721960161
348084962
177314531
25189092
1681283814
763061884786475010
768439894049824768
245979889
515949694
40442617
142531322
37919483
943627004
802182016007622660
573643520
17996546
1286707975
844620739038892033
1144068876
384113422
165387035
833776057866211333
356670240
1031379746
234464390
701373222
2875877034
2314591018
824407219835994112
4614232879
3331267379
4896201527
4848196409
177363771
798061429387567105
85924672
980523841
246624054
250010438
1421417287
2922994505
834526027
3400588109
1361238864
455514966
116333399
20159322
704361202567278592
622746461
3072773947
9555772
568646506
850975596
82928786
336141169
2919095155
33921908
236657525
5692282
766008188
30849514
2485525374
2837568383
824614756103237632
795764425697488896
753118393176301569
833240886884630528
1383635852
4705374018
157195154
2453330839
317255492
486627823
52255649
26932599
805045882890711041
457743272
65367879
2375998381
100211631
382639026
27703795
6035812
164486069
102325185
821087903996669954
725586448221507584
2587122166
382376903
179654476
14510875
4702346190
2552845734
2508217298
1633426388
3799112661
1969789910
3849454756
1866357728
233757665
4285144036
336159910
93895164
12524522
118342823
2305285100
553524205
4354480637
22944753
809872674847649792
23321590
2549750775
3075431421
15326206
51698176
398400514
1052400643
85318660
84597767
309550090
5659662
31677455
25746453
54516759
164556839
745261084605550592
180739101
3288308766
142105632
37805089
286710820
111795239
384757254
813401717245026304
113695792
1613066078
471342135
3061652537
30579775
76815424
744856700969193472
1928338506
34036811
20634700
1650809934
975963320
1958681684
24631822
818105905652731905
760807952802574336
427170908
3152370782
729455713
101096551
33463401
21650546
2971278451
827655903054852096
774538774554435584
55778425
1912740986
518069371
269458560
102243457
4320666673
842529709279907840
561421447
2331165890
430349454
1349835919
29449360
5692562
416341144
77885295
777051624548274176
3230882976
780568218393948160
47193250
843695633353641985
818072493676056576
3803700393
89742506
4045200555
606608557
447470766
1528962228
104586421
303422648
428596409
19995834
545545403
390175933
1528598389
4177943745
2301041859
1445780676
30973126
80239819
229336269
475454673
432725203
33791190
234085592
2756000292
2393447646
2975456480
2249055457
3174309090
2182700261
34299110
302963944
755262620618358784
1374117102
2379799795
24075509
629464311
274210040
21090175
532511274
236559618
273980682
3234194647
97967376
862504152
2954029242
37838104
800750791732563968
516709662
21683489
10755362
26418467
3048529194
3622752135
16555309
835911244783706112
1673796912
193846577
63495477
1228299576
281877818
59284795
747318108310757376
785147684046778368
3034012992
830971302508888064
444805004
32218443
264281423
2848415060
3195493718
259136856
584342873
489987418
1957211
131488314
711662289192026112
435494241
322010071
1028070758
701734248
783678477379731456
103870354
140991854
762932533587746816
3270303090
67399571
172549353
252288377
580213311
436886909
62482880
582425986
912711050
22499223
787322796347187201
1447697808
533732757
505109910
3182320196
76471706
4333795461
820249096996982784
2914770335
23633315
361438635
4565163436
904748462
32841136
218024954
90643891
337747387
2684247488
744163621345832961
38280643
298819014
984686023
444620234
117120459
1582458104
4608269780
186211799
1858346462
2694287269
409165280
4341701235
45833703
25697772
3339558383
840679098766655489
708528853086437377
349347318
2157305342
199358449
902077957
801317480044052481
1011015176
2766413322
15474189
3343523344
805571062960242688
1868635669
381777543
858218017
100785698
2820169254
585063976
3305741866
3089833522
774746035
1112104500
54664757
86498875
251289150
290185755
833035325010124800
20782667
2802933324
1228913250
1511136852
826424888336355330
25194425
2583666264
2840583769
779841027926528000
37183069
591634014
194616928
2801065572
17833574
243605096
49503851
19930732
32972397
115908206
92282479
78306928
161472113
323526258
1328291443
1170546295
280779370
2940183829
2408210048
1027497601
82288258
3692797573
842876292605399040
1595372814
64675464
595353225
20340363
843749612494245888
550248085
1279811228
765815242794405888
130522783
748530694771486720
1262476962
2506809002
22375711
172678830
179199663
768853601087127553
40295027
1691803320
1434197689
16604862
3647332032
431873730
3714703044
14638790
709305290227884032
1548263113
4689181303
2154553040
205233879
269452580
794332
127459037
600235743
100277985
26304227
2342526692
36429541
28745446
2275876585
252747499
220962542
166452976
30711537
33234674
87580403
1925832438
2493193981
174907134
2930402603
573939460
2957791190
58105607
375529224
736342007916986370
40902412
1267932944
885141464
741351187
7937812
421945109
136673567
604348183
380804892
2345672478
56254243
4709818153
17768235
2409448754
240361269
410778249
250224440
1971511099
168222525
901488446
559472452
36806470
777889716351926272
903946057
18210636
1004887885
140835469
822158556690403328
4643233619
619339606
23109465
263315290
841029375415984129
57188192
37576545
2187583334
30121832
14983018
298901356
19259247
3696500593
256532340
227106677
121114601
568450936
795710107728441344
2911215485
758013822
340172673
39214979
961552260
36052870
1868023105
193945483
76472208
1531633554
1464164244
2393497494
3950960535
1021386648
917790619
14409630
713821382
928997281
239558568
792214010229760000
822404896519503872
22496584
1681891254
1273831351
21454776
138469308
436953021
558178240
269950913
2188271554
27647940
32694215
50782152
2741690319
4423557073
158244820
2339495894
140812254
4150730723
2905300965
47849447
43114473
197009397
23764982
2808904361
2424037368
723653191481466881
702942034399780864
718429796074708993
735178967045414914
840657177564061699
782032963496058884
780569483127627781
820281404038578176
777180641943097345
768130142644215816
361413292
813622088212873216
3103432715
4806746124
820205622297694210
454500366
602775567
709108992744759297
759841608762134531
3110248469
2706513942
837315669721026564
3239632923
938024988
132046877
47538206
763467977505312773
15081506
812813068342132737
842353006251266054
17129511
49487913
64212999
750170076486115328
120512561
1142349877
2767822903
154558520
83245748
214147131
724746606428446720
758852166576504834
2820468747
2755534916
810545582825684993
135094342
129359943
15310921
213753935
92643410
620372051
117891163
42754145
759054991554449408
2310398053
720346818391871489
2251831996
1602199658
272638061
821358636840734720
801097509657518080
24436850
356446227
187392116
63292777
4352268991
82306946
185131137
541230443
819968712937766912
40476817
958570645
947976900
838639979278499840
75243680
520954020
803829704159621122
162455722
1057356487
779888735877931008
4669153460
47751349
15524023
77668537
137732282
473325759
345645249
143859912
51896521
4814020812
50766034
879010003
3229884629
838847684891017217
13787352
2990501924
1717051610
819301094329303042
4002373852
881254621
7495902
2803245280
634790114
51012987
101294308
2190926053
624599273
3160203498
821817925824905216
67133680
364290292
384999669
3051577591
2909544696
724980141689081857
4842004732
263627006
70803713
20115499
789426293410373632
3700973832
19079433
235168010
529468742
1468866830
139092240
3012927761
3177603349
40755481
107667741
790849337886707712
332718371
721551261925908481
3256443174
4825506088
255058220
63349037
1023418670
1542243720
14655794
132620599
277504312
288760125
3320979775
42817864
569155906
343777603
788914500
935481398
838495047079374848
760831583200870400
737183485018943488
1699488079
137018083
20537685
85860694
551444823
43338334
3142574431
573202784
14328161
323150182
770879726365790208
772669092809572352
2259984752
145039730
450224499
434299253
2885149048
2358616443
782159745314467840
3228508546
25960836
16032135
3050824074
824825887686172672
709465186378387458
518153624
803100048758308864
2946113939
526721434
60400027
837029979858866176
2773868960
191914406
2865488295
420241833
875733420
4872135085
814437609740980224
1628889524
3242878366
590651831
104669624
783246751
2478088638
2855951093
783748954668138496
3302842824
3695854095
118323959
207774157
311910862
108274127
825382905522196480
253775950
837144315633762305
3290931673
2749293018
810883809386303488
2348671454
1699277774
136929766
836441195958140928
2975048172
276688978
346808815
79028720
367644755
932805374
134390262
980574714
2882707965
763804884726677504
796934206379016192
811293901885734912
594181718
61383181
72327694
171919290
314434068
4717766062
805077683042480128
4894958105
268608026
306930203
221487649
800968912888152065
2434294310
804209229556895744
175989289
16153351
203825708
44196397
71180846
322658873
29073978
2968904255
824412520677015552
57500229
802515911680741377
2886672970
449028683
519004749
1286791758
326115919
84226147
752494569376346112
2228263694
3225969238
716931982161219584
471687773
2318082656
14727952
272228962
18244198
785888749339090944
4688925012
41591401
3098387058
2899665528
2187849835
3169090327
3008324245
817013589764698112
472064670
807066798877212672
2817467040
68508443
1482449575
798854493446098944
39346859
111436464
235774651
155968188
32432831
2951815876
311059141
2492408518
996844231
838708829080649728
1423647433
182969034
2792743627
170828495
15983313
1060004562
22717141
410997898
221340375
14476751
2922996445
711058562550784000
15751974
1545822950
2770641639
2331697897
1649320686
445113075
1651778293
962388726
15573751
112796409
14181114
281631530
76735234
20898564
4882801413
706668515097337856
1304781577
143909645
605954830
18260756
176071450
92414747
717658971016925184
839059758980030465
753966845171040258
806654859969708033
777794322880077824
42181426
3483452894
376283958
2846303031
2405049144
94331707
546382652
356377405
425796414
26813247
733989325340303360
428450626
123528005
17376071
768392096290045952
282426167
844045456543891456
783041834599780352
1866408786
3071108579
24042297
288777053
2379604830
587244384
2360173410
540566371
294167399
565289832
3425559405
322411325
16229233
610050930
242705268
46916472
770664784287010816
1878467450
758719362
745875873941827584
2789565318
2722292622
2409948049
936420242
81699733
4456473494
3063915417
589046682
3689915293
306930590
1711776674
585016230
742717423791394816
733422505
329587527
3403916786
14787503
27177118
269689783
1114427641
2309989310
19424193
3884131272
326892509
705472549845647360
3243434960
209774072
2792809428
252580004
598991835
702691132937998336
18310109
310715359
3100255201
18965474
410863099
2394239142
1035068390
104342504
28124137
2830050282
824121352168886272
1197508094
1220715510
1070310391
345973752
2516132858
3311739899
761374406270607360
224896001
237329238
730511409130274816
16676048
243328014
347497495
836266969590554625
73737244
555555674
742047124125155329
41378853
3034424365
1431577646
300000305
828720893496942592
94069816
205235261
52094016
788987190
1641063493
835245422897659904
1339892809
3047793738
37774411
1333011534
824605748856385536
30139477
210457478
2997560407
222313317
4114113633
2374001762
119399526
14689391
103048305
369714291
3078530166
134866042
761947260
18400789
1309582464
3070174337
17441922
3257377926
1375200391
741007566231113729
20636810
980362381
3550323855
16327826
261551828
14181526
823567519
4874724512
2438079650
625386662
1021216284
1678795946
2216617135
3262686391
44524733
33580230
759879040685703168
779467
3057731106
1292870863
2535892176
3351749841
26144974
2699502806
58647767
203810008
85107931
203236572
406643937
804599737454301184
743073001
73393387
838842929892507648
294790381
4178071763
2165761272
768368733572075520
1963025658
48200575
336094461
831203067177558016
238494975
364917959
834793925671952384
424043786
149220841
3713508623
14525712
143435027
2734360110
1281795350
56616220
806956048112156672
807660223351529473
16262439
783525758933368832
508896556
886023469
183084335
1911072050
2477958452
172090678
701663575614451713
4287145281
427159212
2807964997
21898566
1566497676
402744650
775049041877032961
16263066
160933202
494462292
16655702
42985017
2859050328
26387801
1144350044
402957663
22750560
1656874338
1027695972
255976807
251864425
838371743676968960
598730092
805830656269885440
245491057
1398965822
2480514427
316810625
128001415
796763030180790272
2183570827
2267899282
3295765912
348714020
2239096218
832715278211391493
757558621614051328
825293405307666432
37119394
798270883
348759460
1027876262
23913895
326870441
1342560042
828461916276285441
306832816
2238801331
88286644
709378253010501633
513336758
2315896393
415966649
1482368443
777610826
25306560
3654739397
4811584428
2872174030
3060606415
16442832
70034900
2719999446
746077390724562945
739108314
774017685977960448
2660345310
26535391
214869474
735227486091501570
28173797
396215889
4011484648
790947306
122136045
803081052042514432
271427055
597763570
834105958989230080
2523850231
70723064
827594148869869568
333293051
786600265877118976
2731927039
161588737
2398021123
4121224708
837350336893337600
45688327
32581129
728605757558689793
110454285
941630996
96495126
2391500311
17101060
3519964700
843045323744264193
2967564550
431089190
930244136
17851946
2987648555
706775604415242240
1559340594
90695220
1875109429
243803705
32974399
21800514
2987107907
407922248
92563017
748462697788870657
823961651930103808
793372237
3344606799
2843256400
221619794
3069722388
4694730338
966174308
4150011493
218719847
359849024
16997406
110388843
707765868
783873340457021440
4464567914
841582298675855364
2284316287
315041410
2459690630
2800608903
3219252872
750255033250353152
474424976
426359747
190109558
1314055831
575661721
50587290
378152605
502228641
2749228706
3074369187
1257958189
3537086121
2557666986
195285277
905766577
2738284210
313757983
20129472
2988746437
2512021190
86992586
475571919
3239061200
3370526417
576857811
1717577430
2622007002
186891215
65742563
35268324
725416026473529344
2684273088
1640212200
742884480608817153
108701420
834452268154048512
15656687
936224496
453682930
122218227
209577719
2302568185
2285315834
563455743
838546438694952960
870000391
1546069771
20522767
370337559
195012377
305850138
418476335
768941989840629760
807351404205666305
730514628363476993
759606437538660352
471820076
22603567
366720607
80258865
454993717
1411753783
791827562481741824
3235669820
32401213
14612713
2783782729
15296330
701463522
725857148991729665
261711699
4764165973
2614372187
734562974619275264
34154338
22652774
106375016
4217022313
84141934
839669114578747392
20916085
18360187
462743420
568846210
190670724
1868982151
360146824
3178309514
348923789
338975725
476768146
288080363
299263894
3282675608
822066834388254721
2970265498
212445084
862062234
837337114631147520
449448817
352429985
780436733041053696
769979301085208581
1433363358
801897457
14542767
20604849
2358699955
4764985268
2770464156
2873089013
277030854
838478252998000640
29749580
3218991050
2863744321
827075647289847809
498690003
814259903539789824
84404185
2353948634
399812571
826505661664153601
33286110
3388958687
126035936
1448350032
2250565602
300771305
833245363851055104
532621294
837265250454028288
1554130928
1016244210
81886206
443181046
2787960824
1654083924
515942394
1089128106
1520936959
4766689281
846850050
2587240453
744292254508974080
816695265990246400
70526986
34387851
187344913
361146387
33220629
35055639
734594235064848384
387409951
810540075213787136
745171834820165633
708053778025594881
707681325688311808
231286826
2455021615
20932656
363145268
615611870
2877368378
3185436734
980985920
790945105184030720
1498572878
85813327
836798155354169345
33138769
47097938
29775101
839860649035358208
788040283954958337
2570250329
15935580
2595571386
44691813
182265955
551381092
591571048
2201331817
3697420396
247949421
2371348590
1537304688
4118915187
363391093
96348284
2873894592
845392066054144001
4643465352
48343177
207825034
323050519
36300941
2730457879
4731588974
794138616545112064
60737220
1325443226
2296129693
16296095
818995316661727232
2918262947
2451843236
2983422117
336750759
917743788
1590115357
491071664
27273397
61974710
810024908331814913
2447599802
719174272866869248
18966724
2277976266
21986338
42641616
780252197003137028
719400591445909504
290896932
307505371
777992630722498560
1425205471
1228597472
41232080
549808354
36710630
376596715
722985065039323137
799617897798782976
823914720386228224
34875633
130885874
1232675634
228780516
1110239486
1173711104
458390571
364194053
758847877917515776
553756943
59336977
3225473411
31194158
2740660502
2417879320
124744068
4633282266
231696673
732965154
706007230521352193
298641701
2337534307
11036972
707537199
2197793073
3279169842
2876156214
15722810
3059183960
745528124935274496
18229569
17813899
164964676
2888739144
15804746
20097362
3663079764
389032277
2346592601
24029533
815687261819904001
48736607
3319091601
15870312
75130599
14936428
720627248383057921
401598830
390490484
3853767022
783097337048502272
780567376198721536
429369728
105326977
1973594498
4852197763
574892424
3380357519
117189009
1008314773
725787181084594177
245885335
266495727
803637754881974277
528525725
802279163847708672
2461739424
35957153
2293410210
126986660
410085800
337193387
2156914418
759032244
2792460264
96561590
4274104759
4925881
286271932
797169827949477888
2527373760
1006922178
258396324
788771272121548800
576973262
2420730319
2926750160
3098929622
501295577
1023289818
801711106465157121
825616861
19655136
45656548
335387729
128974114
30484974
1010870767
1224046440
86731250
834209866046590976
58370548
701874524011294720
577595900
427862526
4911720964
802083892878458880
12085772
479504910
36884910
474249679
837273038601207808
3050367516
1102342687
82670000
568732196
4888383921
184278108
2386324010
740505445576679424
842205282235166722
895625785
56879674
725702537156939777
369584701
434500021
870251616
837401586259361792
53783108
1085762119
1517726281
85455287
3418040914
818847405810548737
49162839
837259771208171520
4876364381
17885796
237006931
1473686120
1553289660
251751019
376253040
796965205238566912
3617663605
556919414
1165991017
2309548664
424262762
197962366
788075736154255360
953616150
160361095
838530397961015297
3379843522
2882513556
79424154
3026610844
3289524894
380791456
41921185
51817122
36121254
804293380767358976
485223081
4774603435
1239558828
809389006597201920
631122609
103099059
3179562782
1912531638
112913079
189639353
780351912612732929
760694335356690432
778286898535989248
17918663
175561847
870968012
2371480272
15084247
2900732634
846425974136696832
365931229
303540959
1188686562
2383882980
2739088102
2973919976
791385040525623296
845669235602829313
282340079
169650929
747986792289284097
594078453
178039542
57469695
764654149367717888
834076607279095808
2271013640
824168725234536449
247550423
20294414
480668433
2192010002
18262811
44362525
807730673104654336
281045791
58026784
38808354
752356563147382785
362851110
1885727528
715598634
497593131
2230135597
213691182
37628724
1465084728
455191355
792887332017938433
773485759307276290
752914095637004288
251751239
92220233
2707483466
245410644
1663314774
1137388376
3299519321
792706511160143872
758851420145672195
480468112
728204635815563264
421849957
97545062
496020327
2157980520
2334452586
227617643
2243668844
108817261
3234343790
40184688
3365448561
91614066
2958584692
16984949
790571894
216312695
83864443
3059929578
845155444721016836
609844373
409463680
629189510
27241351
26028938
2412456846
3064736655
1269361556
440496622
817456919803674624
3317394329
843754394
103426977
45820838
280374183
825355176
48196521
22326187
365833135
1862511541
3079584927
748146487767359488
1462774717
3315542975
199961536
3406851010
793015469271715840
2233936837
450481607
1946049697
1039379400
439528396
4144258210
138472398
846408660
160869333
2916953051
718485868256825344
38808541
104131553
465071076
159411173
773102673583337473
464736766
1257942006
171748343
3150736376
612740090
22277115
180038653
169110535
41004041
737834006729760768
22359057
258960402
620260371
14298134
422620184
14609435
2092061
731311134
66104355
812630949691150336
83471402
1199549484
419327021
55733296
14167096
33205305
242854971
342961216
743021356170776576
2758896709
2985028681
3025628236
26077026
512535637
833780237473189889
2761878619
1496525917
824371425603624961
259992677
1939024999
8383592
50835495
1026796656
2797134143
372272244
20900981
775488542470397952
2741775659
448719995
204287100
2505505081
550415486
3336023169
768797622576570368
385006785
820031877511839744
709946508
36039822
284912784
88446838
3178441878
1936609818
803984113686482944
27962225
172731552
3151916194
1350462631
3317836970
87092395
846228655
10054832
24259762
2197810358
320105655
450112697
3023596730
4836502720
2798739198
74214594
119483588
180202695
17214665
20655306
1245785293
1300622544
24528760
814066898
1599530150
322957860
279178460
126643421
374792308
2539810015
53390560
702431076606730240
3299699938
787924664848908288
2605772010
43478251
812169101665669122
443608308
763836448277749760
66317561
559377658
254618877
108260608
122105089
117271814
15707400
391982345
964930826
303836428
2942248834
385494289
299674898
2861722899
3002733102
472132887
743967777787101184
2740965935
153447711
2429611296
252299142
459287847
58010921
22555947
3150129032
85486899
1115958582
1098870072
64433469
520695102
825236407664783361
719267692050542593
3697257796
293884470
230419782
35024570
387394888
727067978
2156899660
1092380557
2974772560
61547703
838167395353124864
769371482
2279920304
3297520991
815246688
726322506370572288
15936868
2321984869
788950114324795392
53063019
2879154399
178613616
2453908850
227978611
317582440
2712186240
767844200780095488
786689412
3025644934
83471752
1726541196
776187277
1117733143
1124138222
255143318
2855233433
823312601903939584
369618332
2216732570
547171744
2782211491
73412006
3259297195
2200677806
173631389
26062257
822965080698535937
1177103804
2302995902
16117183
837263917072134145
1601203650
2948869576
389180873
16969163
90516949
339389910
304639451
575942111
13184482
723283033126764544
3879939561
76525039
1277636084
722455121641144321
272379382
3196517631
3247549953
2397646338
292498947
743277463652864004
1096068614
78425607
21442058
123842061
3114289069
860827152
57421330
830540656997187584
335523353
59682333
3751161376
2456153634
840583906940272641
718119567294222336
1735142954
3289853487
112913968
16215602
274673203
773006517905727488
2882022965
41791031
76033592
36073017
11021882
305650954
194063939
3035360836
1546333765
87715398
813156341346770944
2696310344
88600138
3298258509
71052881
839091911403192320
2708762197
2243096155
1711664732
3131623354
81222928
315541435
93417060
9228902
4663684711
1178775144
810491659045732352
217893082
3844271727
781293976066334720
830606685643366401
216870517
2549165688
733556672010948608
761901700139536384
366276223
1474014848
3218943621
21098119
763642
816294410409410560
803137203014508544
2153721487
28998936
816974358438494208
517919342
14904983
80195227
64864261
19670199
3183652524
318639294
2394353328
32878258
838574554293420034
2236841246
1751281334
120696504
3044880057
1440231098
3131059907
2174660292
24866502
717362879259869184
3297828130
478965454
96349907
1102884564
294448858
833047773909917697
3225693918
16317733
105148135
263516796
2174696743
377450220
783261735583186944
826821589203300353
168812407
368094964
767642283172884480
296070902
3023417080
1268526841
4001410817
841710565605105664
3001544457
598601483
401010447
1642524433
603279126
3819712277
1605693206
21851927
29830937
790209461453398017
21262114
183128710
808594562390392832
4412124973
809542511274246144
197488432
4745654065
17280822
143159945
284110651
766553918
844365387852537858
202583875
4702809924
2166124357
3089418209
252569191
42361118
564031309
553611917
301838161
822600141622415361
4291784541
824311604518985729
762834786
2291670331
438366063
2782818162
332296052
1976643450
805527071028113408
2259169148
1976577920
30757526
14430086
39222593
282118124
1977626508
31993742
2877190033
402370450
460386195
127119257
814509978
182372335
24571805
908865439
1494724513
1887350696
3345756075
1613475757
4623282094
97071023
2726375347
40028364
2351148985
3635425212
555347901
2734763968
2214916035
705027347670507521
2304847814
1969795015
830950728025899008
392425423
85831636
2441890044
26193880
471887833
863203290
779144858032279552
1355741
2907156447
229027808
60157921
39399394
811875433876623360
44003303
2794614761
30076916
797354734596321280
2883514364
2382671870
824760192504098816
751127585967468545
14528514
46411779
723486798329032708
826604922816884741
715727365935071232
830046451547844615
519860235
286158861
818263366443692033
74100755
818014494953717760
210206042
379760672
237154337
469086244
61304871
1043099688
113553451
3277172780
17822386
760426542
31748143
4322373684
547896670
247982090
37077011
247738434
837008713294692353
4690325574
18947425
2725589065
237858893
97378315
600158290
1327837267
42825085
1541058650
824021165291294721
3708006493
602517598
808342317354651648
1942150502
67252327
93630568
205746283
2474913903
2809720950
317763703
2953425016
801562628317319169
621998206
357183625
735087025829904384
2725572747
17071138
153677974
403648664
774445737635610629
18002078
27275424
1942073510
390164649
272825487
717453746066722816
774882367244820480
2579345587
140193973
332529012
1375752906
53473471
3058806978
115273926
88486089
700749309667487744
842325957612589056
279834830
2882433234
281331747
831961538722426880
30060762
794219895986733058
4577521889
21278946
2563813603
237088996
770542068925988865
62484717
19443952
29995254
706112006194139137
377172222
1431400704
96661764
822644009877250048
2288496904
806845838727249920
2762879243
46936337
76411154
129347867
718239356083904513
278147367
2853335339
75591980
396603693
3057266991
2857447733
188412214
1896329528
789556284592910336
256209211
3019606069
2152247616
895628000
825423686014476290
2382688584
842414849804120064
556577100
793350882
216723792
17068373
589181271
226731914
2900947291
1574004794
235172191
798743944934764545
122007906
577057123
7336292
297972069
139424103
2495566567
3063427441
1398832531
4638238782
306999671
799469361069068288
78705018
100102523
727209643177549828
266187136
2974697536
2815637570
1160376710
1398583687
279533762
381383054
828862867
2919723412
14134376
2782310810
123040155
30060956
2883907999
84816288
480866721
3372560806
283668905
317403562
470299051
2560258478
765611013555171329
253391281
804428387255078912
305405342
616280503
789470414972092416
162886078
2704961983
19870144
825869176451526657
4056567256
19640773
2319957409
193753545
143045068
96154067
146452949
264076816
824487261215477761
1911388621
24261084
902705629
3194761695
842074771441496065
584872419
1478029796
2256679399
188903918
15036912
745477322862530560
256487927
935784954
793431090413264896
759230910806065152
80884226
32567813
798123661697892352
799658659345219588
2903241228
188133903
405746193
245641748
35517188
987902498
41923107
825468601700335617
762375386684686336
19706407
330805801
797074414571585536
328380972
49115696
2818945585
744974031624019968
739224503079817216
1545758029
2522903095
1082585659
2319610428
32502538
117535296
720998103688560642
2337764107
259486277
2247488071
808768423253528577
4108120653
1611510350
798653845781901312
460059057
2330407506
831683895234007040
470512221
335884897
2931716710
713094905552248832
380482155
2902651503
1686909552
242987635
769902684359028736
1550932214
217122922
839188342071771140
382333573
765883014
2805624278
1947920492
2482074251
84685452
2806149773
257667729
22764995
809381626581057537
129118875
814685539198795778
838232003891716096
25719459
198406827
138064558
169997085
44610224
102937265
473641650
154972852
15774392
232141499
466022632
108730453
3856528066
960230083
406532804
120206023
114111176
836448594739744769
799435
792084468479692800
385200847
15397584
1412264659
323187420
103953120
788027859004719104
14578410
164131563
2333598684
206238446
1414596733
20656881
794865903884234752
895922936
343885951
47870716
776025800470503425
268055294
478786305
2315809579
1016804100
745610704007356416
501183240
4697649930
3783357195
7385872
122188562
30356247
387527448
493581085
770515379626119168
111457055
3281023776
518124322
838938235443240961
335246117
3036853030
785511711663161344
289354540
703780279568113664
1898872286
11891512
543404857
720838111
3000906557
228799294
20755263
1734718272
2227614529
2825990978
2896573253
708208677136760832
1941664586
4033803087
3326899000
785193106190761984
120386389
822212549114494977
3061412697
271528794
177877852
2391735781
791864385425793027
330019681
2762208100
241466432
45855594
2646618989
423834478
3331634031
801897220647821312
862565234
1694626676
34700777
4805325689
4005540733
786186315565981696
505951105
1868384406
44839814
592196417
202568587
751245682984443904
800950231747567616
3278749165
61928338
995521428
795866006
4509250457
830189785453060101
50951069
2161341342
205763488
298791841
79426470
3864064936
2360372840
56112044
4893455277
95859633
138638259
3230528436
491713463
277274100
291386302
784873541825093632
602485697
186397639
11695052
3026580429
729383187407880192
2305520592
2904699857
4845892562
349112483
353465300
24231417
4698289112
3021386715
822539277183700993
537867231
93303779
619082724
845287460745560065
17232872
791823307922374656
1576711146
3704517612
757168783655972865
139277295
136328176
160157192
793465852670664712
2961093623
28884479
321319933
749454176720084992
75265023
3365843968
39138307
808622309649055744
809890824
810661172286521344
994505743
225768467
272956932
231011162
26680837
822944364284510209
1704091142
2464920614
140120924
312259626
3017552939
767778580889673728
2389750831
839396827258585088
633295710
729129890713198592
486361268
125154364
1087061514
2861607093
824974188364587008
149017440
805793063629127682
32732227
27948100
291891382
164836422
126776391
2321331276
625570895
569242704
46543953
64222294
1970648154
3308450909
952480862
593769567
2312549472
575004176
4832818275
36942949
830609351723384834
3021681771
1100395628
443888751
271274856
366916722
98350200
29897850
518091900
18821994
766053587940179972
591017088
858469508
330249349
3691623560
97957002
790780883401777152
3188454543
374535316
129545070
3099808623
824702791935492101
156316832
248116387
2368795815
3046110376
3400807594
2913451
3270603948
2682320050
1097102515
336508085
833330892466708480
740877116913246208
4703905994
779133507289374720
106411207
3692710092
46707917
580580560
4760843473
2197337298
3259479252
36353238
3091068120
2799547613
2775848995
833386304595308544
755770189854179328
834973994075901952
778603463286534144
797592161005031424
66925809
10433782
823909245099868165
89765116
2231497982
2687907072
438547714
711151400361828352
808402616229232640
455505163
15529230
44610832
2865776856
2302080276
297486554
815322382885715968
1378956576
768804838838677504
495383842
837883795214745601
703321989239447553
1069085989
1549825322
806684340302348288
2826466607
830571285579198466
50060410
2342647094
23541047
200891956
65156410
44414267
468352216
732591422
275281216
123942210
19658053
2254465249
2354705736
188937100
769447849419497473
48264526
111670612
2360554838
1267037527
1858778456
266859868
2603971933
24311134
3975574880
13022562
1090352485
42007889
24130920
4302927209
28898666
839028607322370048
2184951150
24147313
4722111858
134700606
30373239
3256284108
2693969274
80917883
2673767804
2531199210
18821904
36566400
749030813375737857
828819030836404224
2370663812
459732357
552121736
753965077376663552
3178550167
3265754508
564147602
30045587
986343662
59225494
522711961
279737753
207800559
4805244317
755347137706196992
2955857094
264107428
833096223745798144
3065640359
31022663
62338476
84628381
512669105
3078829491
92337588
798837140423442433
2757113274
18795719
1005379164
629055051
2810443206
307262920
605842960
28390859
15037900
368375246
789209839905959936
2272851414
3236778916
1525413343
2730685921
762243405837664256
458307047
737700273842491392
1649150204
486356461
21181935
773340859303682049
351319538
178451956
765237310657064960
446445046
586003959
1152876116
2723673599
794583589157408768
24933893
710899466367320064
203929097
295925261
29171288
4484921500
4775769619
15414807
624637466
145749531
731057260940673025
3536421
18986537
770154132971945984
875574830
257029679
707158925364297729
1611216439
1281930811
16954942
2324054052
35806816
703700133742034946
1141077571
763911411298729984
1291676424
393705040
831423687664496640
87498340
755040580753821696
3066057658
194557535
80049761
479704678
135378536
364033642
6649452
2224109166
575256175
454669938
702550301677518849
1899116149
738910476
4901811831
785998408213344256
363499789
17426710
18364039
1312503434
2564404877
435517070
18603629
2810050196
4911046254
122844823
38319770
2471605916
61077153
549336739
1675707294
126072487
291239594
4417533613
4847281
3632543412
17036982
1346991799
813338413210300416
717104374162415616
773113173264195584
123041474
21427912
1970976457
110868171
752122638936395777
2596615888
254719698
405386963
3226711764
2798483158
3578377944
18036441
78706395
2418816732
158070493
21984990
837630677872947202
3104274146
782053859413913601
2505471721
527857386
2806434087
268957421
12449522
794024423724609536
797601069803016192
219199228
201651966
1934702336
169375490
711248297051217920
3046373129
850130701
835222034565193732
837990162
2719962073
799936571021541376
19035933
78118533
4794578723
718307748849573889
5693062
232093479
15578920
53983017
843108648528347136
146978606
176469807
314849076
2884237111
751020252247519232
19167037
1486026558
1886822419
716336881106083842
2733995846
789530190321942528
534853449
24966990
29964111
827739137302097921
60471122
130365269
1007667235
709736281
1359591259
2353837920
722452969
1222391654
495925096
779461418861101056
288618347
220264302
812093560325488640
4847548272
261984622
294516600
2653190012
788150142
1082865536
3380852615
256309129
2618898314
80459659
53786509
304707477
235337625
45692831
26687392
922072993
1877620644
28112807
44021674
590772139
6485932
4857099250
18069422
2277001544
24354462
74332086
24344507
831159569057341440
1606609226
18011125
748966285124378624
624850881
35318719
307640262
767571912
824821058683408385
3301733367
1937700812
500758479
837271371742867457
2463938515
4910135258
702739526
3661281253
4641683432
3254843369
747877747511431169
846221057073823744
154613745
20117490
1072248823
2514237434
238712828
2396634794
780572479144157184
395524097
266141355
806117760984088576
2229745674
48216077
931641362
2324412438
57620511
40712226
806181271604957184
801241206554558465
55522310
579172391
26474538
2654681132
2564126766
2510600239
1534736438
168736823
799525120637366272
785747100185137153
69391370
786474228258332672
811228532844199938
359020612
49084485
65681478
787662472530493440
22100041
3776176889
45643852
255948878
3620534355
25475157
135985238
152549466
2151839839
4802394208
147903343
3648637286
22270993
4650317929
2443786346
1010006124
186972269
764506130194141184
1411004539
2491562108
43546754
30537861
515078279
549304456
796552270657814528
1498331275
823660147616587776
439629966
717054613
1606580376
734403574311092229
15488026
280066206
118880416
1681897634
43448484
2758523045
574011559
1977415850
774852865
2292611247
2775513265
14186674
156842167
779789207447408641
3066001601
1049086326
471267527
1732901064
20560075
161167564
533231822
409565392
724453657920593920
727430180
788268041075298304
47298781
835258871711068161
1324398816
13531362
73103587
126089444
206764265
821131500
25966829
33896686
489715951
2646292722
35551478
4665484457
14907643
196458749
3472226559
24426754
32323843
1553332484
47134981
713141474565758976
843737534182162433
5749002
1733245196
3438573839
898634798
28686614
837767165856071680
396966170
192035099
3314809116
1931671837
731211533326356484
2758588703
75413793
710162670243225601
167655718
702990664829681665
51525929
249395499
354640129
33677021
3631376776
4177082674
3348740404
224950581
109033782
3294705977
4787026234
3045054826
773228066642558976
819308993919057920
15481158
348135137
49047876
377174346
782106183322722304
2200074576
29161809
2467232083
820134319180120065
753274910886072320
40728921
1860974942
3315562847
192969056
20429156
4050467174
344062311
187906409
1143322986
2378971501
3141400944
19921265
4255857011
2317826420
203012470
122501498
44644732
2591615382
372078985
1286912394
41437591
787007282185965569
48116802
113998230
16382360
16546202
61208987
708219359798431744
842241984781725697
17512866
1691006022
3459676583
41122221
263043503
155711931
44874172
826923738650144769
741447888404905984
47741376
148629920
253245890
14318796
22837701
3549601
17873356
1517189581
60406223
804633566273368064
3211786707
106658261
3347610071
774680399767228417
210979236
3188537825
979892707
465648106
2329498706
2291136415
828768345457512448
1004075508
211436406
441940470
2413361659
25999868
237533694
43579905
101333506
228845995
2163000012
835782924188467200
26982925
14192278
45824527
853801490
594475539
3245685272
3022879265
155171363
834903175945732097
2792225317
34961958
3424860712
56900138
2228911879
16129800
278379059
4845828660
18856502
142685279
3158047292
1228667455
76970560
838586241524383746
2973952438
335280722
725127682443345921
257931864
140769885
839609245691756547
273325840
3078928994
1499396708
854702694
250552081
1711389288
29600188
30800492
344636014
92654013
832912340454690816
17218167
124272404
771434907243515908
225458812
774962222954983424
322927233
767469904039596033
1253177996
811995073873223680
38666008
144107971
323933294
14547606
2605709975
434911896
4886756001
827474184955633664
57188124
1090665132
3621550765
464632500
568212149
3047570107
748453995887267840
4892834493
780482179935502336
16956103
1154841289
19659468
46989098
19854456
373438132
1262615252
838089740985364480
493829060
509703290
3289262544
1087175394
3004840675
1974565604
145865447
847018728
54901482
2828974830
707572861
842268445479596032
488209140
764410142679035904
221854455
729288148015054849
1645656829
66894590
15825666
1331887915
3243375364
346028805
776161499576492032
764854736294215682
815966321217327105
25148173
37026575
65846032
248167189
2183330582
28064535
23950468
111427375
46742300
3695016733
4664253135
1160231712
25836321
793493460938612737
257211173
447019817
147847978
1319877420
732953395
22428469
118848311
49969977
824576209879179265
27736906
37092172
763189335139033090
2334653269
711662580389904384
508967767
263912280
2830383961
712357978259779584
702101918517170176
10926942
2345794400
944487265
406928226
1289468773
793101702991872000
483965800
3270179689
303217514
29326195
2934082552
734548667852587009
3152311444
249396093
76993685
3029302144
18611075
4326914952
823523848989638656
3316562827
3134700429
20904490
710441989754494976
173959256
3073735574
562477976
243022748
217283490
39140262
1958935464
140884906
3051453356
2279687701
601619375
151813042
67353530
248921021
39336895
2875833281
767020304036040704
2887760836
750041409428783104
607796175
749856713558360065
3033889752
81761444
841769517361455104
263945183
925924322
4433214436
804715496
183269991
8698862
797025747340816385
331922418
14433267
2513779700
948599802
770309118
42400767
741252681147265024
489307990
777886433851965440
3731667975
3139959816
96795657
742422973009821696
2435922955
58473485
2775284750
15416336
217922577
17644563
409222165
831085148376559616
806147239664058372
560677700
3225549849
479149082
280247323
449903644
282835997
794786850
777556818545573889
227277861
822492199
803128083012354048
1278688302
1426554686
49462320
775314137861726208
14182218
3290545216
14826561
810605622161014786
724075218952687616
227179589
53918792
495587974
767004833530286081
1222655066
349338716
182058080
107475190
24968293
788281258388312064
2223733872
3692601192
14138486
832890143539290112
778068614209376256
3888954492
1205870442
776157672987131908
287128703
147700865
3378543575
789556300938117120
121814153
2615495191
16317580
3069760706
3384818830
213056655
2481765525
1971332671
3073473691
821035887530311685
219105818
1573279146
743561964278910976
226552945
3116203176
16596137
751965866699272192
1631222966
8322232
384662714
130186427
3227742764
1220590784
3017850049
822555460695969796
3103636684
3063676109
1397538000
754007389267824640
730759469139922945
59227354
188628187
761140045193547776
223247584
319255760
1855257835
2800958702
758667081562939392
2308371668
4656804006
79002884
568343815
73678093
303578383
554597648
392396050
1331051797
1344093464
1418542363
247119134
817554540002152448
1254440228
3229285669
1268038951
32415623
41863730
384793903
298417459
548420918
3301948737
4594889953
50085192
4685167945
2310995274
3479011213
261406033
32173584
825960753983131648
18021721
89603418
561593694
843067860419149824
796461133431382016
747181253242290176
2217186535
22543731
325481351
54279542
3262561656
3180047779
56769915
159038849
51002757
37010823
531283339
33996173
3371982744
570231363
63896981
3981322820
810932230868635648
1900592545
3193552292
2846113193
631471533
873184686
298548658
318554015
262405564
149378295
85016012
2485140944
4192320978
1876049366
157089239
830458831373160449
617428539
352976348
1530150366
803225366345220096
3086613984
117095906
2891955685
734618699571855362
41696743
2270264808
3319660009
10796522
1361427948
3886956013
249710800
844662655327469569
780541587268866048
256654847
901103107
2341977604
842499329009106944
30195207
826464283882094592
303414800
2593898004
824223533068939265
1177468442
175882159
915504672
2440085026
2804579876
844786140
196050479
769584
780232607791546368
766626398
257799434
82279998
15285824
432291396
856636998
832312160470474752
1161412170
1399832143
3075980884
258981461
370441814
835960174301032450
220216921
14335498
263896667
2331033182
2550120451
594034276
2295250535
838728573095596032
2948775531
522616431
755913533221642240
96435825
1190346354
834172920146624513
3301272433
109177449
14941817
2155462266
184303230
4698599593
599752325
717489992126316545
771313929637142528
778976910
4426628751
34553489
825859167072169984
249921171
820985653601202176
30768798
2518351519
176716529
1973812904
95092393
2225946282
36880043
2339962543
29032112
130203314
3146317491
3417898677
3050192566
1976532937
453790324
96059066
2401252639
495828671
2177105605
62093474
224296649
543784650
15564491
4118036172
833012826058813440
2999664337
37633746
489354531
16121556
20266709
763820691086905344
395214553
242958042
3036004060
747926369498079233
216429861
2229190368
4825612001
501137125
2253897446
2200731367
351108842
148979436
2332753646
714799847
15843059
3677224694
575930104
376700665
2616756863
3130706949
848098602
3283451647
2341306112
3403022081
66486018
843905959516954624
3251437319
1743748872
1551335179
713441792583073792
100531988
2610233112
4785585950
390561568
103038753
3011641123
703488806826029056
106938154
1697382187
777649403939069952
25558831
29409073
1975385906
164118325
2779359881
478609210
3187425086
2305113924
38469445
1177878342
581648203
2291662668
2285469518
820070489619976192
26964546
754466646
559071065
32489306
3225844220
828018617769926657
216727392
3307880290
4756062052
3833701
34602854
851310589
2382446444
438550381
35995502
2551971697
2168242034
2174652782
2562506614
166592376
4877860900
824407931982671872
3317006204
2774007786
1364475780
754495650188914688
83165069
15892969
215056275
19480470
816803008034078721
24477597
734384172840718336
4749098911
831949641432367107
3080456859
465956527
4896145317
800984323679604736
806652540435697664
824375161520537600
300105648
3033546676
1123401654
4690825465
3324837823
2382495682
754696390345973760
3739516873
86179786
2668669602
214646740
415949148
747899429831598080
797327432026034176
839103383160020992
516636638
1869529056
809335754757312512
2840133604
848969706
2718187506
781625793545957376
13041662
